call length in hours
3.188845
0.002131
0.375039
1.911740
0.013863
0.031654
1.609114
1.323876
0.135098
2.572800
0.503605
0.009171
4.444144
3.399701
0.024440
2.510555
0.077643
0.225073
0.070238
0.193319
0.140975
0.629586
0.027819
0.498936
0.661374
0.629840
0.408361
0.482416
0.183934
0.573063
0.037324
0.311673
0.680682
0.103711
1.929389
3.201257
0.132422
2.097018
0.652308
0.011092
0.106420
2.504362
0.021414
0.887145
0.054366
0.468341
0.451681
0.032514
0.141355
0.031163
3.159174
1.472637
0.553612
0.439195
2.331906
0.357077
2.327805
0.095642
0.003857
0.014776
0.001992
1.205705
0.000982
0.057700
1.446333
0.997299
2.806987
0.043896
1.881999
0.432420
5.650410
0.714544
1.038167
0.232726
0.020726
3.717028
0.058032
1.704221
0.055926
0.421645
0.130686
1.568868
0.046842
0.118012
0.423711
0.076728
3.394825
0.113183
0.010259
4.448524
0.041261
0.721864
1.985275
0.011839
0.081379
0.197320
0.005907
1.564792
2.066451
0.333050
0.103254
1.152572
0.040443
0.989986
0.268022
0.568929
2.651643
0.015284
7.179622
0.284081
0.407748
1.132073
0.138663
0.000021
0.000014
0.106428
2.056985
0.380671
0.097358
0.658344
0.040946
0.021257
0.529893
1.836004
1.373800
0.116079
4.061524
1.257343
1.627000
1.858074
4.600376
1.061283
0.016197
0.288488
0.652683
0.092879
0.390788
0.105053
0.001617
0.395585
2.415872
3.363168
0.166838
0.914077
0.110773
0.033400
0.651715
0.207312
0.078257
0.325290
3.663719
1.238813
0.650547
0.002852
0.688864
0.041777
0.000060
0.701876
0.412711
0.462402
0.235486
2.047513
0.512552
0.013619
1.604991
0.033062
1.084668
1.677998
1.002532
0.019601
0.104349
0.663805
0.634176
1.834752
0.031152
0.440377
0.133702
0.452697
1.744073
2.317022
0.010603
0.786968
0.168478
0.236468
0.043493
3.380241
2.480075
1.340250
0.726597
0.018708
1.943861
1.992779
1.815121
0.236552
1.937552
0.479770
0.204221
0.520923
0.068202
1.525909
0.681499
1.332087
0.001858
0.368890
4.502977
1.691318
0.840274
0.752817
0.959426
3.870824
0.329065
2.073025
2.347147
0.042741
0.612296
1.251002
1.286140
1.778186
0.071571
0.127136
0.009479
1.294305
0.207543
0.377764
1.960961
0.000455
0.009467
1.207155
0.590337
0.537177
0.009505
0.155774
3.307083
5.427392
0.019645
3.867197
2.430697
0.993502
0.028506
0.018270
0.059420
0.139483
0.000150
0.034461
0.185542
0.005121
0.631882
0.254534
0.549248
2.870913
1.046255
3.172271
0.260574
0.011980
1.531931
1.142059
2.830257
0.042839
0.593781
0.410560
0.011697
3.276731
2.538053
1.426556
1.156714
0.497498
0.007619
1.385343
0.020108
0.019056
1.000913
0.417056
0.190809
0.302864
0.611697
1.568734
0.970856
2.411138
0.471223
0.353032
0.086789
0.337471
0.740889
0.097571
0.789146
1.789906
0.296022
1.339546
0.127884
0.258399
0.805399
0.052319
0.344678
0.000632
0.424726
1.738791
0.112130
1.666168
3.041764
1.902632
1.372908
0.267824
0.068751
3.239378
0.083463
0.000060
0.416776
2.498542
0.279653
2.528773
0.860487
5.885040
0.004442
1.104935
0.007812
0.814569
0.321727
0.230776
1.031060
0.372851
0.673990
1.006607
0.890320
0.001294
0.306565
4.612276
0.254796
0.038501
4.004567
0.009960
0.238451
4.886407
5.488473
0.059102
3.798709
0.273892
0.253823
2.620305
0.693059
1.339029
1.165457
0.199321
0.008169
0.237232
0.688612
0.047154
0.576134
0.317250
0.142557
4.154435
1.196002
0.981826
0.475437
0.530007
0.111940
0.329579
0.209315
0.258002
0.567086
2.842142
0.396395
0.950991
0.470033
0.332109
0.341323
0.339572
0.088022
0.343350
0.160938
1.512163
1.258674
3.386461
4.124272
1.206155
2.635610
0.205338
0.194471
0.017636
0.109639
0.000058
0.059514
1.895756
0.147341
0.325628
0.509345
0.012707
0.017422
1.204591
0.558432
0.578200
0.084908
0.696045
0.410442
0.088574
0.543585
0.480384
2.975075
0.070679
0.293906
3.966221
0.113250
1.283642
5.607417
0.208630
0.001383
0.877337
0.169174
0.004137
0.003082
2.737618
0.156995
1.347711
1.091456
0.849477
1.615641
0.013132
0.689104
0.594770
2.485831
0.000006
1.565967
0.285569
1.316694
0.214378
0.276350
0.013933
0.049942
0.060065
1.870411
0.019746
2.528105
0.654912
4.176680
0.230203
0.711571
0.620293
0.574203
0.162752
0.622903
3.260156
3.644461
3.687641
1.417177
1.114204
1.422466
0.101255
0.225848
0.000613
0.292718
0.121746
2.899624
1.058959
0.293183
0.646883
1.365578
1.907699
0.002674
1.065227
0.214296
0.433899
3.595612
0.039665
3.479126
0.608133
0.321313
0.879180
0.910599
2.433505
0.570866
0.688415
0.179649
0.005659
5.974284
0.056967
0.504483
0.016168
0.241265
0.496093
0.118822
0.178829
0.219618
0.677292
0.104417
0.028123
0.131916
0.073783
2.658015
4.348564
2.888745
2.109566
2.519299
5.338584
1.090152
0.282013
0.212114
0.435363
0.046583
0.715821
0.068519
1.751351
0.500934
0.012872
0.309996
0.485344
1.959375
0.225332
1.980043
2.716762
0.691023
0.508646
1.121667
0.053411
0.000040
1.638018
0.741639
3.349869
0.027639
0.017864
0.410805
1.140774
0.122458
1.385541
0.190799
0.000294
0.342882
0.017039
0.230723
0.374419
3.643873
0.180668
2.144438
0.360703
0.131360
1.946695
0.771161
0.803992
0.103241
1.308094
1.731059
8.814846
1.952023
0.704616
2.848990
1.713220
0.211701
0.001089
1.932573
2.004128
3.892302
0.009441
1.045070
0.444997
0.113821
1.442339
0.005838
0.671166
0.435548
0.003372
0.909442
3.564445
0.236797
2.403962
0.120654
2.509991
0.097518
0.137702
2.346308
0.117441
0.666093
1.308436
1.180439
0.265911
1.785791
1.620787
0.809555
0.848372
0.118788
4.651602
0.011044
3.287056
0.403696
0.015775
0.050749
2.164950
2.103544
0.417524
0.014072
1.332675
0.457751
1.011565
0.428801
0.030307
0.116192
0.499076
0.050648
1.523130
1.728141
1.648828
4.177222
0.087766
1.862237
0.002816
6.646943
0.174941
0.568204
0.056098
1.770975
1.680289
0.053190
1.226082
1.311342
1.890542
0.335324
1.047616
0.236222
0.986845
2.313706
0.802007
0.025250
0.937681
0.582014
4.457482
0.280474
0.315842
1.974441
0.005138
0.028940
0.827785
0.001461
0.825040
1.640978
0.775031
0.687803
0.757508
0.609762
3.025902
5.321295
0.092884
0.614011
0.934760
0.041479
3.321047
0.135980
0.065435
0.111939
1.212549
0.177820
1.352132
4.350542
3.831241
0.001282
0.119271
0.057491
0.036724
6.925240
2.170635
0.358191
0.682202
3.292808
3.236579
4.973799
0.333083
0.083867
0.890791
0.004173
0.183800
0.098053
1.037808
2.431099
0.000018
4.134429
1.807624
0.026068
3.389091
0.832528
6.388278
0.216155
0.558654
0.190762
2.632678
1.580508
1.726898
3.753977
0.241505
0.036182
0.013997
0.011617
2.104383
0.616834
0.034872
0.001282
0.007213
0.017618
0.800381
0.033570
0.287675
0.003086
0.569147
0.746494
0.287946
3.373922
3.908810
2.913279
0.502387
2.969041
0.018214
0.223390
0.155043
0.003691
0.469069
0.000382
0.009657
0.722242
0.000119
0.290528
0.003884
0.819370
0.161105
0.117507
0.318184
0.832681
0.425309
0.031658
0.471817
1.383766
3.546071
0.039790
1.305656
6.775521
0.024958
0.661207
0.130735
0.079136
0.119616
0.092687
1.866852
1.789758
0.833037
0.888994
0.404655
0.360177
0.147609
0.308748
0.001874
0.978080
0.008714
0.923320
0.002508
0.094315
0.283665
0.565298
1.794888
0.226441
1.249597
2.574295
1.538983
3.707993
0.259245
0.265220
2.510201
3.336973
0.292860
4.060661
0.139837
0.199205
1.098425
0.305038
0.022254
0.587257
1.973346
0.012940
1.035208
15.457581
1.564337
0.231231
0.254367
4.965439
0.043321
0.170674
0.816363
1.303383
0.892870
3.902265
0.005140
0.001550
0.400914
0.686322
1.334539
1.054553
0.191072
0.118529
0.001373
0.604583
0.365154
1.694731
0.648027
0.600688
3.155046
2.587426
3.239502
0.548251
1.479434
0.004426
0.008590
0.017692
5.195147
0.080534
0.976381
0.063788
2.633051
1.395804
1.742648
0.233072
2.548453
1.907843
7.286298
0.000610
0.326674
0.136572
1.770001
0.898684
0.063644
0.545698
1.357019
0.025546
1.330801
1.608778
0.037698
0.153686
0.001633
0.262922
0.021426
0.308579
0.184755
0.057542
1.671983
0.212624
0.096517
0.012575
3.285600
0.023982
0.208904
1.036349
0.194459
0.157276
0.074207
0.130708
0.463416
0.004956
0.075605
4.045593
0.020949
0.915167
2.792353
2.443552
0.252036
1.466945
4.982978
0.362604
0.250300
0.328884
0.009962
0.496870
0.188639
0.871745
0.581300
0.663254
0.002941
0.162259
0.010834
1.406512
1.030776
0.033052
0.221269
1.823876
0.552702
1.932740
0.863060
0.529337
0.829718
0.169869
0.777407
0.086018
0.038525
0.263055
1.203757
0.260026
0.077554
0.018576
0.161366
1.291711
0.001758
0.581346
0.107809
0.170309
0.003717
0.982204
0.947825
4.435896
0.011515
0.217565
3.839425
0.950104
0.785431
0.161421
0.662593
0.248601
0.080199
0.054555
1.641554
3.618970
0.072889
2.498469
0.272979
0.877555
0.068764
1.028575
0.024138
0.820650
5.022976
0.164266
0.424579
1.248864
0.423300
0.255487
0.027185
0.024126
0.196238
2.809210
0.656267
0.260893
0.292391
4.540363
0.545346
0.831512
0.176845
0.000156
3.341681
1.678445
3.390456
0.151335
2.999153
6.829312
3.265801
0.091623
0.257434
0.959760
1.844867
0.845615
0.111338
1.744101
0.668225
0.248017
0.156166
0.532675
1.514357
0.154327
0.798997
0.781248
4.035494
1.084052
0.111866
1.950809
0.762987
2.827088
1.760244
0.074910
2.493180
3.823450
1.494681
0.338440
0.201043
0.726929
0.020560
0.398382
4.037645
0.250158
0.781465
1.176045
0.190662
1.291015
1.987232
0.943366
0.090391
1.033073
0.591355
0.563731
0.513949
0.476422
0.022498
1.783964
0.031915
0.890112
0.664294
0.032391
2.841984
0.053317
0.748088
0.717107
0.069474
0.420121
3.398071
0.570239
0.339155
1.213475
0.321464
0.003000
0.107121
0.709991
0.867152
0.262175
3.909168
2.146451
0.234437
1.141798
1.606111
2.447717
3.247757
5.824443
3.204236
1.136346
5.927687
0.048224
1.783177
1.191990
0.302879
1.685250
0.006322
0.182351
0.273840
1.078591
0.500850
0.213510
0.414971
0.000400
0.235221
0.002015
2.456652
0.227783
0.010778
1.240651
1.368245
0.004634
1.089167
0.005715
0.425670
0.348403
1.236559
3.864880
0.968703
1.642381
0.002283
0.029959
0.323247
0.092318
0.094571
4.150734
0.020933
0.001773
0.052857
0.002061
1.548167
0.704950
0.320491
0.213802
2.453018
0.455425
0.004876
2.772663
0.361337
3.153802
2.888905
0.248295
0.321364
0.001937
0.466855
1.698283
3.699545
0.202590
0.063663
5.011890
0.037207
0.164749
0.050979
0.330872
0.042147
0.181200
0.653050
1.983030
2.118877
3.000805
0.083228
0.469735
0.136083
0.092562
0.834778
1.108957
1.880586
1.354844
0.460790
2.824888
0.000205
4.203108
0.461804
1.422613
3.349851
0.643106
0.015950
1.070754
0.000059
0.016653
0.130015
2.161745
0.030897
2.852576
2.004823
0.382208
0.028731
4.604716
1.845205
2.056279
0.065971
0.465390
1.860682
9.105447
0.163753
0.566954
0.236443
0.010092
0.009810
0.766455
0.052813
2.251780
0.584199
0.025825
4.802934
0.375412
3.064933
0.222294
0.005200
1.016503
0.053080
0.815778
0.031458
0.550591
0.724757
7.315044
0.872835
0.003249
0.210132
0.437047
0.014337
0.115943
0.218480
0.387659
0.322720
1.595793
1.021081
0.058375
0.151621
0.222861
2.415119
0.029292
0.019174
2.092502
0.002176
0.560486
2.040015
0.496442
0.387190
0.642664
0.031908
0.001159
0.166806
2.138703
0.356325
0.031651
1.507576
0.267179
1.101132
0.744243
1.924030
0.056715
3.128536
0.285665
1.911707
0.088651
1.122072
0.032496
0.272896
0.380989
0.176056
0.336140
0.141649
0.109138
1.168418
1.358662
0.080607
0.285066
0.513942
0.016290
1.947663
0.208638
3.333088
1.869683
0.045412
0.000041
0.063250
2.757107
0.029827
0.542823
1.242883
0.222040
4.253569
0.798123
0.003795
2.127762
2.609625
0.133587
0.090625
0.031088
0.105569
0.464962
1.219637
0.806449
3.186916
0.054145
1.808290
0.002682
2.309356
3.692244
7.485086
0.113143
0.038295
0.395965
1.292045
0.164665
0.067924
5.416153
1.269227
1.569216
0.508746
3.569468
2.070639
3.584195
4.583041
5.368971
1.314513
2.006985
1.069258
0.012024
0.984741
0.315895
3.217922
1.297487
0.138185
0.547924
8.547833
2.549857
1.117369
0.341686
0.677834
0.585449
1.681389
0.183006
0.028342
0.073754
0.170505
0.104541
0.735012
0.027336
0.028105
0.037666
0.256669
0.635934
0.307570
2.197228
0.089384
0.031718
0.023829
3.014088
0.437169
0.344468
0.036410
0.867172
0.129334
0.947220
0.297657
1.533061
0.888154
1.601363
0.023246
0.280165
0.614853
0.364699
1.735226
1.481914
4.783006
0.262810
3.173307
2.088833
0.094204
0.920843
0.263298
1.381017
1.510848
3.319367
0.472497
0.032725
0.000449
1.691496
5.312535
0.027095
5.211358
1.317948
8.138374
2.290885
0.333078
0.008229
0.257233
0.304368
1.107003
0.133394
0.100290
0.393648
0.000589
0.281212
2.425958
0.023738
0.674870
0.110700
2.070536
9.042093
0.005803
0.043028
0.058141
0.345515
6.829972
2.444892
0.000577
0.218222
0.695078
0.589007
0.031816
0.039724
0.357034
1.721204
0.148891
0.179550
0.072913
0.480712
4.946356
0.061573
0.780179
0.349027
5.555075
0.198672
0.122532
0.377059
1.521176
0.022757
0.567109
2.930379
0.110702
0.497366
0.538420
1.682232
0.009950
1.178632
2.983247
0.321516
4.475741
0.024329
1.023871
2.599326
0.007380
1.237938
0.007361
2.956168
1.954060
2.622872
1.349383
0.041929
1.938767
1.102871
8.086920
0.388034
0.802763
1.661135
0.148999
0.526898
0.180002
0.066452
0.216034
1.288555
0.331501
0.237925
0.020314
0.040769
1.313420
0.004333
0.424500
4.627180
0.119999
1.244170
0.009049
1.919328
0.011923
0.167022
0.009786
0.124322
1.797189
0.054115
0.523396
2.179094
2.115586
1.839648
1.018755
0.322907
2.249602
0.047046
4.313319
1.067411
0.217966
2.274600
0.588643
0.040517
0.782588
0.193279
0.912301
0.362283
0.209603
0.168303
0.562259
0.044548
0.269578
1.683848
0.096629
0.331603
0.004774
0.027822
0.112232
1.974914
7.148672
1.229818
0.341044
0.229472
1.108994
0.334545
0.024576
4.985162
0.323357
0.740089
2.870304
0.517143
0.359615
0.005085
1.256597
0.079139
0.127078
0.646592
1.292312
0.273079
0.574703
0.848084
0.388834
0.000655
1.883248
0.209616
5.112975
0.009529
0.064382
4.131593
0.380017
0.214827
2.428148
0.104582
0.064410
0.486098
0.777407
6.237019
0.192181
1.455117
0.451289
1.470604
1.613837
0.351014
0.290884
2.561247
2.137707
0.051434
1.132038
0.363060
0.791340
0.936108
0.490313
0.031398
0.614600
0.577987
0.946477
0.382672
1.167582
0.319104
0.406283
0.216869
2.579852
3.211523
2.612329
0.845359
0.253603
0.021502
6.256230
0.720853
1.328277
2.110211
1.040993
0.220602
0.183307
1.359452
0.428416
3.845937
0.660897
0.263760
0.059236
0.011393
0.005957
0.083885
0.483456
0.001268
0.171512
0.252795
0.251635
1.297585
0.819136
1.548473
0.862636
0.035688
0.061038
0.078887
0.041215
0.127911
1.705255
0.129499
0.139947
0.024190
0.900937
0.082797
4.155292
1.865529
0.499373
2.305155
0.528818
0.003145
0.305188
0.020670
1.128365
2.138459
1.884719
1.884092
0.799565
0.000074
1.486621
0.035989
0.459348
0.005555
0.297595
1.226182
1.115530
0.023848
0.000992
2.947161
1.302055
0.013952
0.167402
1.758489
0.634539
0.157945
0.252813
0.619629
1.041968
0.087761
0.004475
0.004073
1.725326
0.279691
0.861097
0.664154
0.347351
0.015083
0.000104
0.041792
0.030526
1.538463
0.964202
4.590649
4.242563
0.105927
0.847266
0.198991
0.000182
1.694814
0.008862
2.745437
0.050762
2.119427
0.221439
0.093829
2.198702
0.829285
0.364419
0.715450
0.129208
0.334603
0.060636
0.514826
1.967899
0.337235
0.037257
0.216855
0.301970
0.132335
0.000486
0.207514
1.552205
1.904957
0.006194
0.072670
0.001408
1.061672
0.001060
2.662297
0.001815
0.251019
1.333479
0.052227
0.752185
0.303549
2.106153
0.072670
1.029963
1.048586
0.377684
0.472628
1.462465
0.208800
1.953714
3.552167
1.483529
0.115322
0.012498
0.424216
0.339038
0.633975
0.523159
0.574114
0.551378
0.000932
2.895005
0.464217
2.165558
0.255565
1.240704
3.038309
0.026683
6.402736
0.259939
4.019182
0.087986
0.021236
1.142135
0.000018
0.037407
0.096456
0.262957
0.054424
1.709075
1.779914
0.153996
0.056428
1.962155
0.206974
0.211796
4.818957
0.009808
0.523600
0.023642
0.560025
3.068958
0.041455
2.243232
0.010921
2.093225
1.125584
2.467464
0.030823
1.740659
4.908782
0.107824
3.802755
0.576242
1.007757
2.131643
0.295394
0.070092
0.000310
1.000935
0.241338
2.134235
0.220492
0.036009
5.054723
3.042832
0.862293
1.284878
0.325681
0.001325
0.030816
0.995882
0.153836
0.006099
1.425259
1.845188
0.115717
0.674051
2.343312
0.044343
2.942105
1.136137
0.296302
0.001269
0.025136
3.529295
0.052123
0.091032
2.018034
0.066030
0.393308
0.221306
0.302171
0.402299
2.587213
0.520219
4.288028
0.022478
2.532256
1.556131
4.433880
0.040442
0.061610
0.160083
0.883726
9.457016
1.195148
2.833291
0.188750
1.625570
0.207825
0.065737
3.118600
0.003697
1.852598
0.044540
0.140219
0.119935
0.825421
2.676835
0.271403
0.603820
0.413273
1.546647
1.166972
0.050018
0.537075
1.682551
0.344580
0.114909
3.326634
0.697650
0.273419
0.000067
7.575260
5.723243
0.099387
0.458365
0.572206
0.229377
1.007822
0.169336
2.406005
0.120083
2.380431
0.715225
4.095792
2.119329
0.016307
0.572263
0.647626
0.061334
1.035816
0.000083
1.114445
0.172648
0.232032
0.352725
0.575343
0.117256
4.238744
0.407226
1.105118
1.672599
6.656416
0.083252
0.156002
1.268101
1.110272
1.853287
1.555929
0.612338
0.410471
0.889459
2.063136
0.349041
2.516374
0.441424
4.937866
0.302917
0.317384
1.119495
0.043875
0.935654
0.000941
0.084208
0.000267
0.698242
0.560785
0.006463
1.713258
0.906695
0.046164
0.013025
0.049291
0.354808
2.303379
0.015284
0.000321
0.001280
1.722657
0.135271
1.218067
0.619635
0.203458
1.000786
0.039193
0.126944
0.053729
1.221630
1.770119
2.020535
0.520605
0.008003
2.844094
1.133209
0.472008
0.223286
2.198578
0.154853
0.163795
0.540268
4.069643
0.644367
0.786840
1.480314
5.500583
2.772232
1.043516
2.429659
0.661698
0.005345
0.119274
1.716147
2.904799
0.157293
1.444038
1.079906
2.413303
0.463063
1.116970
1.319394
0.014366
0.366205
0.296925
0.279494
0.266585
0.548898
1.335097
0.366294
0.347935
1.901050
0.169800
0.001738
0.353923
0.514605
3.261528
0.186518
0.294589
0.044248
0.272875
0.010938
0.639164
2.181738
0.167436
1.065082
1.231229
5.652753
0.010795
0.041297
0.243843
0.220535
0.960795
1.397931
0.916256
1.865971
0.246989
0.414888
0.720088
0.366344
0.240256
1.059488
2.553339
0.031648
0.387473
0.777354
0.121875
0.322363
0.121620
2.845854
0.182207
2.748653
0.121861
7.095551
0.135093
0.226693
0.362290
0.317418
3.110185
3.797904
1.181120
2.035074
0.145000
0.176122
2.104083
0.247621
0.320799
1.353372
0.496770
0.207045
1.547390
0.016777
0.076460
1.207456
0.507148
0.309545
1.450321
0.401102
0.473018
0.032166
0.360940
0.022912
0.685271
0.634865
0.012757
0.025240
0.071750
3.525609
0.066186
1.449313
1.946650
0.570880
1.677984
2.915416
0.079719
1.262400
0.291575
0.001059
0.027809
0.681517
0.639307
0.482128
0.785053
0.001174
0.503508
0.743896
2.183301
0.001385
0.565958
4.294955
1.280041
0.015296
0.271886
2.621547
0.006927
0.032926
0.210528
0.492120
4.569895
0.600712
0.322113
0.238589
0.651177
1.486076
1.249960
1.132473
0.000339
0.668220
0.106097
0.141673
1.015223
3.570957
1.238710
0.039530
0.873633
0.231898
1.483959
2.480700
3.210887
0.145812
0.000102
1.682163
1.826488
0.017289
2.324380
2.612443
0.640817
1.448933
0.002304
0.003357
0.302635
0.625492
0.178978
1.437553
2.043392
0.571933
0.062353
1.273494
0.953856
0.313875
0.042258
0.293544
0.007064
0.932499
1.013528
0.208772
0.174987
0.056780
1.264072
0.521542
0.052921
0.359294
0.070202
0.646334
0.054481
0.008017
1.700932
1.423971
1.103647
2.725843
4.398383
0.623365
0.333127
0.581879
1.470657
0.155430
0.541540
0.036663
2.379745
0.228193
0.186597
0.787388
0.029514
1.087648
0.707445
1.020572
0.119219
3.046190
0.013197
0.334220
0.092838
0.000705
1.737232
2.889173
0.106364
0.848405
0.876552
1.398291
0.126633
0.963197
0.002922
0.470629
0.443408
0.016179
0.035383
1.568237
0.150104
0.869770
3.968315
2.056016
0.921938
1.201897
0.281867
0.978271
1.268918
0.226588
0.092839
2.866803
0.000212
0.846059
0.675553
0.077054
0.244262
0.331459
0.184078
0.134608
1.992113
0.140349
0.170873
0.023962
0.475136
0.019579
1.149115
0.673642
2.639944
0.091430
0.007909
0.097077
0.336235
5.572517
0.070819
0.234459
0.113930
1.164261
1.781759
0.000999
0.002113
0.013119
2.692833
1.122412
0.007510
0.715501
0.049909
0.760740
1.836290
0.771395
0.063533
0.042335
0.290804
0.033136
0.516400
0.778639
1.208824
1.966938
0.348360
1.348940
1.849643
1.673202
1.699673
0.706565
0.013386
0.118181
2.671585
0.501259
0.249424
0.006146
0.009200
3.399406
0.224559
0.224886
0.389289
0.000581
0.091387
1.100746
0.757189
0.102686
0.161679
0.503561
0.732238
0.028703
0.012182
0.254774
5.459731
2.436007
1.376078
0.257355
1.890085
1.559299
0.526288
0.032865
0.213174
0.441574
0.006960
1.275788
0.601188
0.064518
0.129445
0.255718
0.145594
1.115481
5.782052
2.316782
0.060009
0.002173
0.104314
0.937222
2.561342
0.577072
3.004083
0.298062
0.797129
0.174301
0.038582
0.099566
2.492634
0.574054
0.205387
0.566791
0.569988
0.838292
0.830794
0.490444
0.040688
0.096786
0.033310
0.870455
0.653393
0.124648
0.003981
0.036427
2.912899
0.152252
1.679511
1.734612
4.001313
0.038516
0.000110
0.034888
0.352248
0.776080
0.001667
3.396789
0.076469
2.487086
0.375255
0.068874
0.095129
0.124270
0.179968
0.159375
0.129816
0.147255
0.534215
0.596336
3.807400
3.927578
1.499699
1.868728
0.003138
0.292708
0.052487
0.000140
0.077365
0.698038
0.033602
2.262269
0.228522
0.517218
0.272844
0.199038
1.991974
0.092460
4.714114
0.259389
0.765605
2.067247
0.032224
0.292872
0.189611
0.184518
0.079911
1.978727
0.119531
1.815902
0.062490
0.000695
0.310655
1.216515
1.411689
1.427290
0.246185
1.158914
3.489814
0.665780
0.856215
1.820514
9.149267
0.016013
1.076422
0.049507
1.505868
0.005968
0.456429
0.330527
1.296563
0.000249
1.538334
0.002440
0.532402
0.216089
1.262132
0.008414
2.405999
1.016524
0.072092
1.276059
0.162818
1.341337
0.014019
0.007498
0.489896
1.958596
0.028308
0.129418
2.045606
0.210740
1.476147
0.379259
0.025942
0.012964
0.006439
0.021959
0.010442
0.106905
0.968479
2.930904
0.203002
0.145641
0.129734
0.000227
1.792828
4.071776
0.010325
0.073515
0.056356
1.688834
1.539042
2.518769
0.054526
0.269160
0.213929
0.210718
2.674747
0.013770
0.002661
0.627926
0.289310
1.454755
0.224985
0.119695
1.340116
0.096341
1.084609
0.158350
0.010095
0.407729
0.105418
0.558858
0.017028
4.012706
0.664225
1.873128
9.466952
0.077499
0.313014
1.400947
0.001241
0.022202
0.005107
2.054894
0.216681
0.768648
0.833631
0.225470
0.481225
1.139164
0.467524
4.956258
0.739869
0.946124
0.894515
0.184706
0.102564
3.954519
1.877039
0.440171
0.016393
4.092152
0.221078
0.094160
1.102346
0.089398
0.057518
0.130092
0.019641
0.000361
2.390859
0.160317
0.118768
0.065034
6.299573
2.235477
0.090286
0.030350
0.572056
1.531771
0.029411
2.222914
0.162008
0.843804
1.174263
0.114823
0.463710
0.883121
1.311407
0.724628
1.772476
0.001693
0.175064
0.145610
0.068396
0.255416
2.581028
0.321539
0.072600
0.043549
0.009727
0.776688
0.266825
0.007560
0.487648
2.044160
0.421678
1.069245
0.511596
1.324856
1.024511
0.089404
0.075942
6.573700
5.360755
2.079662
1.207689
0.010189
0.281288
1.194631
1.160288
0.095781
3.023191
0.133289
1.170319
1.250279
1.086280
1.267227
0.223280
0.116090
0.228549
0.829361
0.007790
0.169918
0.621322
4.444177
1.919034
0.003202
0.000618
0.109785
0.004573
0.007157
0.203330
0.666081
0.037068
1.117457
0.643744
0.061256
0.184226
0.021361
0.054543
0.103719
2.151965
2.494206
0.140321
0.515965
2.826886
1.676901
0.114638
0.024214
0.052855
1.050076
3.991902
0.619908
2.352753
0.580390
1.499131
0.024741
1.163753
2.215028
0.015626
1.056841
0.771517
0.084636
2.180869
0.497431
0.454296
0.011808
0.325620
0.118710
2.768403
0.125474
0.211592
1.250117
0.451735
0.160346
0.038726
2.148523
3.275331
2.325172
0.487016
4.751766
0.500015
2.806074
2.455924
0.179616
0.350210
0.023016
0.116453
0.461063
0.951465
3.204235
2.127806
0.292610
0.031961
0.233826
0.347600
0.779414
0.057902
0.479816
0.026986
0.285655
0.540501
0.414938
1.180342
0.016233
0.348532
0.305681
1.039837
0.521912
0.146288
0.097806
1.434951
4.304152
1.307576
8.478966
0.079553
0.859693
0.481164
0.626686
1.148901
0.333846
0.785027
0.080861
2.950141
0.972310
0.259307
0.006003
0.869871
2.896213
2.345533
0.679928
0.303244
0.123617
0.240650
4.160422
0.168401
0.506928
0.313640
4.958518
1.375958
1.308005
2.513703
0.963929
0.041476
4.945513
0.828828
0.111000
0.000473
2.014605
0.262915
0.309149
0.068276
2.920157
0.144552
0.001778
4.848005
0.265459
0.247141
1.318247
0.386585
2.407111
2.219229
1.078761
0.002149
0.733170
0.072653
0.863985
0.978210
0.344163
0.675599
0.085307
2.475361
0.043103
0.057723
0.894160
1.992049
1.124373
0.246924
0.897577
0.364813
0.005741
0.257572
0.470778
0.030857
0.800787
0.695212
1.347666
0.361069
0.055883
0.547795
0.866881
3.757265
0.052333
3.643711
3.265249
0.136104
0.022394
0.127495
2.065410
1.604504
2.376758
0.209934
0.261178
0.904480
0.327346
1.548779
0.019432
0.787910
0.600729
0.964600
1.665438
1.470974
0.025154
1.342834
0.636710
0.216641
0.314329
1.231602
0.070012
0.714548
0.430002
0.352449
0.038566
1.189477
1.850247
4.248828
4.342608
0.963166
0.422574
0.203671
0.000003
0.572732
0.042452
1.831189
0.714735
0.011957
1.308663
11.547159
0.040854
1.522716
0.007374
0.292358
2.837947
0.465321
0.306952
0.038083
1.057503
1.745433
0.106180
0.413707
1.565965
1.147889
2.026151
0.204509
0.402180
0.189709
0.125727
0.000020
0.368170
13.799238
5.827029
0.376778
1.603445
0.487607
0.816831
0.060394
0.278022
2.129889
0.120932
0.553650
0.070306
0.000625
0.691894
0.221295
0.000673
3.359940
0.597772
0.721095
1.846808
0.001407
0.910332
0.018345
0.281203
1.507464
0.248643
1.474406
0.220275
0.650222
0.259476
2.630413
3.089305
0.046945
1.866216
0.073221
0.060803
0.015528
0.009187
0.081901
0.040061
1.080912
0.005301
0.229430
0.341572
0.013578
0.474578
0.001000
0.629949
0.487890
0.001008
0.306603
2.881825
3.641471
2.382024
0.228823
0.430092
0.453918
1.495114
0.280466
0.218766
1.698999
0.357014
0.860510
0.037445
0.495010
0.583108
1.223944
3.854131
0.403631
0.001911
0.246990
0.722579
0.640321
0.029033
0.223073
0.163636
0.019713
1.645062
0.064407
2.223699
0.613010
0.417029
0.011923
0.103018
0.226512
0.395072
1.681332
0.041962
11.021395
1.079853
0.013718
0.433502
0.862223
0.771348
2.465063
0.562273
0.068434
1.923411
1.631978
0.517955
0.216001
1.935535
0.489507
0.147340
0.473037
2.640533
3.032603
0.008637
0.001659
5.170661
0.685769
0.009487
0.913839
1.196791
1.259262
0.730768
0.489487
0.414557
0.891234
0.002628
1.227294
0.033172
0.118934
0.021988
1.449434
0.784092
0.644945
0.018896
0.004374
0.026562
0.066034
0.000605
1.964672
1.228699
3.354817
0.168174
2.226898
0.092929
0.967429
2.470858
0.108839
0.888884
1.858248
0.404269
0.416516
0.880124
0.090087
0.925950
0.908362
0.285692
1.330406
1.126827
0.217823
2.710814
0.345012
0.885638
0.045487
0.010096
4.658930
0.609796
0.691275
0.710351
2.551765
0.329693
1.056189
0.328653
3.606500
2.214480
0.413397
3.446530
0.488484
2.013841
0.070407
0.000349
0.999492
0.828720
0.332639
0.123721
0.051984
0.002181
4.178511
0.297519
0.017595
2.821459
1.966702
0.348937
0.336430
0.005078
0.257235
1.640880
0.553802
0.124686
5.241325
4.297080
0.634665
0.084401
2.957187
1.173726
0.721182
0.001404
0.032417
3.829809
2.604250
0.300093
0.293397
0.205508
0.287741
0.001605
0.030019
0.935514
0.568866
0.343360
0.002112
8.803196
0.376710
0.091475
0.464915
1.817650
0.159658
2.596614
0.009546
0.845690
0.814837
0.857292
3.367022
0.098210
3.994573
0.037650
1.343770
0.156602
1.954777
0.044487
0.385774
0.681160
0.137022
0.011679
0.025623
0.019033
0.608994
0.064135
0.018345
1.890430
1.130251
6.248328
0.083372
0.229664
0.000561
1.176173
0.320356
0.642444
0.143864
0.233176
0.104896
0.005204
0.982840
0.093804
3.093522
0.705402
2.967400
0.903271
0.489119
0.995150
1.615337
3.986990
0.021898
0.348305
0.385552
2.001242
1.652140
4.228189
0.759520
0.398823
1.418036
0.017921
0.161945
0.046621
0.132393
0.035138
0.357697
0.336871
1.420766
1.420585
1.584820
0.021545
0.290702
0.045339
0.568275
1.405410
1.006493
0.428556
0.423975
0.049573
1.664423
0.842106
0.111008
0.700661
0.050480
0.254395
0.205062
0.155056
0.449570
0.026757
3.613733
0.456941
0.235691
0.543795
0.004727
0.078326
0.899769
0.539420
0.301071
0.336137
1.196849
0.107287
0.215398
2.137167
1.687018
0.457527
0.146585
1.699398
2.304718
2.157659
0.008348
0.078853
0.053694
0.152833
0.611562
0.801352
2.683455
0.019693
0.346277
0.095573
0.094045
0.621709
0.246329
0.963221
0.915529
0.097383
0.900199
0.860484
0.379939
0.546912
1.177904
0.356907
0.687219
2.845633
0.385166
0.021089
0.221029
0.647800
1.457125
0.012129
0.691258
0.048388
0.004731
0.001936
0.032492
0.849870
0.258821
1.512772
0.076907
1.901076
0.053329
5.028313
1.549332
0.000258
1.738139
0.006360
0.089647
0.171786
0.155521
0.144049
0.530030
1.093562
1.290566
1.191319
1.106296
0.001462
0.382099
0.299303
2.504393
0.069981
0.294767
0.447334
0.007417
0.142890
0.002269
1.138606
7.105634
0.048510
1.203982
0.945013
0.220779
1.262067
0.753263
1.856125
0.020638
0.110445
1.221283
0.044706
0.024060
0.005893
0.100921
0.795346
0.718181
0.230640
0.031729
0.042485
4.436138
0.184232
0.128222
1.503098
0.403226
0.256106
0.150011
0.323822
0.572174
1.204162
0.003493
0.515844
1.139214
0.182425
0.271028
1.090168
0.696705
0.092184
0.033688
0.397142
2.957798
0.414208
3.352064
1.879704
1.210046
0.365555
0.013988
1.795353
1.382341
3.430168
0.014785
0.068516
0.055969
0.693944
0.026733
0.917854
0.199841
0.135051
0.274959
0.051700
5.207919
1.534242
0.085753
0.132726
0.331753
0.003011
0.441152
0.763445
2.494650
0.714086
1.959409
0.208871
0.091848
0.207561
1.327116
0.003022
0.269425
0.123176
0.104975
0.052800
0.023352
0.011617
1.051991
1.068827
0.049310
0.216019
0.002716
0.770801
1.884820
0.557659
0.000344
2.868618
0.010431
0.543696
5.228176
2.536791
0.255042
0.020963
0.186942
0.135676
0.369026
2.217304
0.517529
0.669259
0.092069
2.189235
0.018263
0.223407
0.386347
0.016168
0.049109
0.247951
0.001484
0.616880
5.471633
0.309318
1.334867
0.336373
0.043308
2.395089
0.008041
1.902820
0.251522
2.727074
0.182651
0.203098
0.184254
0.080805
0.262981
0.163552
0.267889
0.311513
0.739114
0.000167
0.263717
0.000541
2.054125
0.350738
1.895650
0.065918
0.076872
1.982337
0.165366
0.823580
2.682516
1.357150
0.030117
0.044958
0.101012
0.212059
0.123028
1.378580
0.036286
0.857899
0.648024
0.397222
1.013494
0.033999
0.098411
1.321094
0.262446
0.275584
1.314375
0.673053
1.285650
0.466147
1.912940
0.002365
0.076011
0.034455
2.227966
3.175363
0.047506
2.267749
0.517339
3.010285
2.387384
0.041193
4.424242
0.005437
0.874069
0.037879
0.492240
0.971877
1.117291
0.676502
1.402092
0.647238
8.340934
2.004449
4.108182
0.010884
4.968654
5.933627
0.042262
0.000134
0.046631
2.385749
0.701438
0.982832
5.657657
0.002234
0.001087
0.158892
2.247509
0.031142
1.035314
0.025113
1.803305
1.768868
1.994022
0.012174
0.473887
0.002342
0.232583
0.267693
0.828845
1.462878
0.005920
0.501337
0.376117
0.163513
5.969914
1.723278
0.802832
2.433977
0.680406
4.878548
0.509087
0.453791
0.411068
0.036559
0.225719
0.733090
0.156732
2.658712
0.045384
0.031174
0.214551
1.008103
1.844738
3.363878
1.671798
1.495816
1.034895
0.086576
0.681889
2.837222
0.192743
2.147551
0.004355
1.052701
0.032038
0.324479
2.182334
0.695040
0.059499
0.632289
0.932693
0.002382
0.004231
0.014361
0.264982
0.259550
0.803027
0.004707
2.447903
0.005646
1.172700
1.600564
0.855340
0.028429
0.764058
0.439144
0.564207
0.363806
3.207640
0.605100
3.552052
0.263632
0.002202
3.118890
1.835913
0.436595
0.175659
0.025455
0.645651
0.003646
0.183514
4.323212
1.117309
0.102619
0.014147
0.721949
5.534128
0.032448
0.223273
0.217443
1.158212
1.152080
0.000877
0.052647
1.963522
0.090543
0.000951
1.980199
2.654219
2.459271
0.024387
0.093155
1.226463
1.036492
0.005745
3.495874
0.242460
0.195061
0.041535
2.314856
0.001624
0.750926
1.838303
0.032065
0.000197
1.689547
0.004785
0.593460
1.106133
2.839064
0.264533
4.496822
0.578527
4.483072
2.339728
0.011955
0.079289
0.248724
1.677933
0.433948
0.000407
0.065806
1.155518
0.865136
1.174210
0.102682
2.343713
0.019857
0.301019
0.189072
0.069743
0.763522
2.498220
0.032551
0.010500
2.192589
0.000250
0.335587
0.030732
0.121818
0.459605
2.708153
0.027564
0.047608
0.168920
0.281842
2.937124
0.682819
2.080156
0.026021
0.000311
1.082073
0.188635
0.085909
0.598848
1.057119
4.799592
9.257127
0.000521
1.748114
0.116805
0.594749
0.094301
2.369486
1.019179
0.272738
0.342175
0.839333
0.101949
2.096136
0.085968
0.156514
0.407778
0.971427
0.001623
0.877343
0.077481
1.630522
1.054210
0.273399
0.244387
0.001062
0.038839
0.133315
0.433323
0.084841
0.102917
0.541552
1.654822
0.162334
1.171659
0.034679
0.273132
2.638555
2.260727
0.004093
0.679815
1.401588
1.260588
1.391054
0.465458
0.418939
0.002557
0.987365
0.002009
0.000134
0.185323
0.102362
0.154055
0.910162
2.814590
1.220933
0.284574
1.858790
0.072578
0.337871
0.603100
0.291469
1.881088
0.379783
0.168382
0.000004
0.673976
2.540831
0.260555
3.619450
2.393751
0.001507
1.802246
3.837351
0.513177
0.004703
0.189618
0.350354
0.239015
0.592785
0.061279
3.368440
0.711754
0.006616
1.443476
1.054669
0.283036
0.728908
8.212417
0.292821
1.501458
0.029506
0.332791
0.615497
0.904600
3.158309
2.595518
1.227430
0.223684
0.193051
0.109522
0.868088
0.804291
3.052168
0.150812
0.281694
1.395821
0.175541
2.717235
1.301226
0.309328
0.179357
0.201893
0.009668
0.153704
0.167513
1.601476
3.930315
0.059628
0.457718
0.141858
0.671525
3.288427
4.602513
6.518030
0.704556
2.132618
0.013012
0.607018
0.644634
0.229948
0.163257
0.848042
0.010383
0.000001
0.134833
0.482428
0.012282
0.265090
0.687938
0.278696
0.197106
0.017320
6.288759
0.542670
0.741328
0.559273
0.160557
0.063733
1.570626
4.706078
1.539107
0.179307
0.771594
0.395169
0.266880
0.382922
2.748344
0.069781
0.246596
0.608826
0.399306
0.066672
2.422326
1.453762
0.239870
3.800038
1.384707
1.905078
0.005644
0.416947
0.899506
1.996656
0.000773
0.009861
2.089312
2.319752
15.610225
3.215756
1.420684
0.216399
0.704635
0.025853
0.018469
5.880764
0.103356
0.595000
0.040265
0.758008
0.000076
0.305048
0.826796
0.881862
1.646700
2.011678
1.055773
0.027597
0.307092
4.348623
0.887850
1.822083
0.174795
0.273377
0.906853
1.336034
1.003023
2.160579
0.366162
0.000671
1.386849
0.014574
4.531609
0.077220
0.245039
3.737880
0.084544
0.401388
1.158740
0.000060
0.614970
0.007741
0.009213
0.851182
0.000495
0.768701
1.911166
2.383654
0.349411
2.070153
0.525651
0.015003
0.123665
0.671930
1.045622
0.241966
2.116550
1.012360
0.301402
1.165307
1.325159
0.876280
0.014751
1.579085
0.497923
0.070279
0.525248
1.231441
3.555941
0.000448
1.963218
0.006838
0.057564
0.041816
0.844625
0.025806
4.492348
0.401419
0.116571
3.911161
0.043562
0.253644
0.017605
1.055920
0.054781
1.523787
0.204443
0.261414
0.209475
1.075896
1.390936
2.362387
0.573655
0.002422
0.265985
1.217100
0.438267
0.410682
3.396941
0.706523
0.850301
0.050342
1.574569
0.122710
0.922703
0.422591
0.037823
0.252451
0.321819
0.212597
2.215358
2.343779
0.075219
0.984681
0.015810
0.113901
3.444691
0.002753
0.081115
0.019097
2.488340
0.317342
2.558561
0.379998
0.202654
0.368031
0.116321
0.100676
3.073912
2.037386
0.860170
0.924510
0.086272
0.500153
2.001235
2.769929
0.706517
0.000160
0.580154
1.293524
0.001034
0.015944
2.106738
0.297402
0.326059
0.014054
0.506170
1.041093
1.767034
0.051261
1.277454
0.814382
0.257869
0.741266
1.374774
0.423379
0.140411
0.689849
0.113706
0.000631
1.997979
0.499184
0.663647
0.318739
0.036497
4.953109
1.215168
3.884817
0.091691
0.141250
2.321183
0.316835
1.357903
0.237742
4.367623
1.117902
0.069184
0.783369
0.249416
0.777861
0.021659
0.774049
0.012435
2.692312
0.413837
1.367410
0.126309
0.810383
0.072326
2.701013
0.973872
0.018039
0.229801
0.867279
0.978288
0.006792
0.006104
0.481692
1.630500
0.095522
0.440907
0.367814
0.231621
4.926846
0.419162
0.000576
1.278833
0.551666
0.720447
0.707220
0.939442
2.130296
0.001934
0.668453
0.929381
1.255779
5.310857
0.785802
0.424332
0.684831
0.141698
2.480802
0.073008
0.836754
0.014287
1.432847
0.404501
0.069470
0.885881
1.177434
1.381766
0.790846
0.594474
1.738771
0.012905
0.277937
0.000321
0.004786
0.005239
0.521469
1.065896
0.884269
0.330887
1.487374
0.318752
0.016406
3.240282
0.540908
0.006963
0.918804
2.586132
0.166202
0.060410
1.820710
0.659719
0.531249
1.319681
0.041504
1.384445
0.018185
0.302683
4.781916
0.784553
0.114942
0.913865
0.117477
0.326413
0.015290
0.402683
0.080305
0.854277
0.617514
1.803631
0.969567
2.908783
0.225007
1.192411
0.289259
1.602721
0.805218
0.004366
0.277341
0.125390
0.018267
2.011246
0.572178
0.251235
2.016809
0.541702
1.482757
0.824660
1.749842
0.085538
0.001056
0.910275
0.055080
1.686691
0.210441
0.761032
0.710538
0.533261
0.152055
0.054502
0.262395
2.385962
1.905154
0.029030
0.036449
4.245959
1.094126
0.250963
1.677469
0.092271
2.428697
1.631287
0.447129
0.271146
2.113714
0.000707
0.959148
0.037984
6.503370
0.224713
0.075472
0.068538
0.968987
0.649987
0.003411
0.187768
0.070408
0.133908
2.679454
2.827936
0.706713
0.013727
0.385774
0.130087
0.133527
3.997214
0.432777
0.107733
0.849695
0.357234
0.804447
3.772278
4.169564
1.491452
0.038640
0.085674
1.967168
0.009616
3.811842
0.140010
0.085806
1.704707
1.033214
0.926637
1.178025
0.028439
0.478493
0.641794
6.270292
0.045722
0.025568
0.269973
2.336505
1.390342
1.843975
0.291236
0.639328
0.981163
0.499449
0.256050
1.246541
1.759616
1.777517
1.888373
0.002546
1.331106
0.288446
1.194461
0.300527
0.317196
4.354670
0.000156
0.866125
0.386699
0.376404
0.918055
0.352555
0.612792
0.053561
0.305877
0.239248
0.052589
0.384560
0.035567
0.036123
0.746000
0.502163
0.211639
0.518639
0.036734
0.074763
2.181953
0.005663
0.014390
0.433723
2.011001
0.579386
1.794005
0.116087
0.006707
0.383513
0.356252
5.056634
0.775891
2.699537
0.125611
0.290009
0.084947
0.084936
7.254924
0.212882
3.073299
0.877706
3.587221
0.093832
0.136142
0.473889
0.085959
0.016659
1.966087
0.433153
0.113926
2.522053
0.861850
0.027229
4.480003
4.206405
0.006748
1.331381
0.638198
2.221115
0.592764
0.046146
0.367343
1.955309
0.080778
0.176497
2.821990
1.112779
0.004406
0.053761
2.415123
0.406235
0.122570
1.568587
0.003256
1.181018
0.000870
1.287347
0.467559
0.253241
2.282944
1.121268
0.385958
0.088804
0.597986
0.497818
0.492582
0.944185
0.083756
0.074304
2.220543
0.239911
0.689524
0.476765
3.097738
0.896484
0.666704
0.553978
1.188745
1.185873
0.035177
0.540019
0.503953
5.123886
2.145068
0.153741
1.056117
0.157724
4.945232
2.874981
0.055740
0.954124
0.199241
0.026813
1.685338
4.924439
0.002203
2.021813
0.028517
0.228603
2.730307
0.502505
0.462196
0.237300
0.479567
0.002190
2.850527
1.561992
0.007734
2.293511
1.278509
0.310771
1.098177
2.118097
1.757074
1.526637
0.278566
0.982761
0.118639
3.673511
0.104320
1.836114
1.588384
0.208666
0.272160
2.249564
0.014218
0.078481
1.263688
0.654906
6.558895
0.063112
0.622256
0.347370
0.747342
0.069120
0.136172
0.645505
0.032609
0.174605
1.355734
0.234234
0.415591
0.025778
0.960053
8.648644
0.000056
0.046035
1.795406
1.006218
0.013766
0.012854
0.007579
0.683435
0.959504
3.295331
5.612801
0.968751
0.364215
1.026733
1.437228
0.006524
0.003422
0.633242
0.828583
0.076932
1.041837
1.585171
3.327167
0.062133
0.647068
1.291890
0.285568
0.422707
3.947240
0.596111
0.012969
2.415181
0.259154
0.012942
0.023749
0.002013
0.004796
2.173896
0.061454
0.178831
0.000688
0.003200
1.761778
0.490930
0.005473
1.055750
0.000128
0.316504
0.001939
0.344269
0.000202
0.288541
0.043266
0.282591
0.000129
0.779074
1.895009
3.515177
1.046449
0.369483
0.590236
1.632546
0.123459
1.612040
0.450625
0.077352
8.965020
1.094123
0.817918
1.582292
0.428839
0.059673
0.037321
1.233012
0.016908
0.843578
0.710842
0.897831
0.446447
0.543913
0.755253
0.533626
1.369283
3.616371
0.032321
0.125644
0.956731
0.050435
0.029684
0.281450
1.621547
1.895081
0.859925
0.567384
0.084320
0.807722
1.556633
0.126991
0.308239
0.266931
0.150991
2.023689
1.724760
0.005711
0.531401
0.612117
1.104588
1.274717
0.223019
0.113163
4.401528
1.025418
0.153694
1.504092
1.076743
0.305817
0.448470
2.287843
1.077848
1.064761
0.973685
0.840702
0.040691
0.091208
0.024555
1.774936
0.188329
1.472490
0.012657
1.798475
0.478459
0.783447
0.274856
1.105642
0.456317
0.605352
0.024007
0.329032
0.006583
3.483266
0.200155
0.006715
0.005002
0.306227
0.117248
0.180652
0.851146
1.550096
0.803905
3.801988
0.188994
1.024860
0.886872
0.471065
0.579673
0.132985
1.386111
0.054560
0.000032
5.958520
0.186340
0.097935
0.085609
1.361928
0.079425
0.022941
0.063932
0.004761
0.764661
3.412359
0.100182
1.702448
0.029980
1.325801
0.981864
0.743953
2.429517
0.026831
1.241461
0.532693
0.523520
0.190475
0.279972
1.849000
0.003050
0.239332
0.497657
0.435039
2.564002
0.019630
0.343220
0.142731
0.319127
0.525373
0.753787
2.386144
0.560311
0.147668
0.185347
5.556307
0.368579
1.188043
1.084460
0.004545
0.084651
0.109717
2.092941
0.402211
0.368666
0.024877
0.424578
0.000524
0.213025
0.242618
4.342609
0.026605
0.393269
0.977385
1.769139
0.920375
0.146918
0.535162
1.017482
0.075072
1.422580
0.425933
0.049757
0.353144
0.000124
0.333976
5.121243
0.160039
0.187737
0.434192
1.145078
0.120431
0.487406
0.860693
1.398663
0.317519
0.132916
1.076751
0.466889
0.038528
0.002460
0.084994
0.021582
0.240254
2.270587
3.040086
0.320261
0.416745
0.226939
1.635172
0.036903
0.079159
0.509227
0.040519
0.268765
1.381603
0.106884
0.247205
0.462709
6.185290
2.303149
0.071918
0.390515
3.081154
0.075085
0.188860
0.061872
0.021220
0.250844
0.330138
0.000023
0.088661
0.024810
0.024598
2.325164
0.294453
2.918190
0.042277
0.102456
0.905332
0.015480
3.478429
3.285464
1.798329
0.806596
0.038241
0.148185
0.113963
2.311540
0.739948
0.156749
3.320492
0.186304
1.407285
0.654912
0.077807
0.048881
0.238001
0.157035
0.003475
0.004553
0.018618
2.739770
0.180998
0.063514
0.068761
2.040269
2.692609
0.273010
0.000497
0.004104
0.000099
0.001844
3.478491
0.290030
1.388440
0.452447
0.198778
0.289902
0.365106
0.156292
1.700439
0.027628
0.048257
2.460627
0.024849
0.808287
0.175177
3.972431
0.118883
0.507397
0.218945
0.085186
2.492299
0.007760
1.734058
0.793839
0.276821
0.243531
0.252648
0.032995
0.009108
1.112307
0.243549
0.571678
0.839796
2.019006
0.090872
5.871762
0.393364
0.176564
5.563017
1.255746
1.030286
0.370016
2.247048
1.303346
0.005783
0.902173
0.733539
1.960200
0.783640
0.045579
0.621100
0.233426
1.945110
0.449447
5.924764
0.698878
0.102445
1.021403
1.370295
0.575152
0.007619
0.597505
0.174343
1.217478
1.915872
0.085195
0.002602
1.137521
0.016217
2.766979
3.810016
0.729572
2.515188
1.075643
1.301671
0.029341
0.599386
0.464468
0.319126
4.050891
0.463063
0.075183
2.167589
0.378157
0.465720
0.000871
1.814466
0.100453
0.014447
0.527093
1.794465
0.008575
0.000004
0.747830
0.195528
0.054523
0.040683
0.035730
1.362155
1.052565
0.409351
0.142638
1.463113
0.198005
0.106245
1.431175
0.029412
0.075945
0.030726
2.484785
1.471981
0.085364
0.514731
0.776050
0.191085
3.844910
1.585480
0.000169
0.766934
2.338362
1.747210
1.598774
0.561153
0.268080
0.643516
0.391237
5.267004
3.087586
4.291758
0.027072
3.482638
0.567049
0.030518
0.520349
1.027073
0.016922
0.242460
0.140904
0.147530
0.328045
0.535639
0.004000
0.169284
0.137379
1.109664
0.810675
0.094469
1.941819
4.517779
0.819310
1.212620
0.023318
2.088794
0.519810
0.283979
0.000778
0.248777
0.187674
0.119274
0.014195
0.269256
0.488310
0.000031
1.934198
0.082300
0.369275
0.051177
0.002851
0.386176
0.090536
0.000287
0.535221
0.277724
0.000561
1.977043
0.462162
1.191858
0.955203
0.345059
2.090429
1.807951
0.002888
1.342550
0.235198
0.000818
0.956904
0.002792
0.617757
1.142518
0.905768
0.608624
4.713435
0.830702
0.738855
0.362747
2.849122
1.667858
1.534252
0.069022
0.971246
0.157131
1.051841
1.108540
1.232048
3.509177
0.045565
0.622320
0.061646
1.659754
0.205782
0.378333
2.159931
0.694252
0.001064
0.002087
0.149911
0.060064
0.011566
0.000283
1.872795
0.464329
0.206129
0.227468
0.552517
0.226351
1.393094
0.000244
0.000041
1.640093
0.200632
0.094476
0.108578
0.156201
0.593609
3.735228
0.525853
0.832412
0.062929
1.189701
2.811527
2.491696
0.302613
0.562713
0.979398
0.095842
0.001417
0.196663
0.448214
0.422868
0.550493
0.000011
0.922999
0.040055
0.255584
2.934997
0.973124
0.010363
0.807134
0.601987
0.932857
2.069276
0.100251
0.703589
0.239394
0.105893
0.086151
5.186472
0.001041
1.141784
1.319537
0.242579
1.473033
1.327032
2.662685
0.866709
0.552551
1.041161
3.762286
0.171751
3.375663
0.296635
0.062454
0.575680
0.275886
0.051045
0.153931
0.641465
1.450756
0.268184
0.570327
2.962819
0.270768
1.239673
0.683203
0.552212
0.167607
0.016438
0.673401
1.111711
0.628681
0.027331
0.131848
0.186949
0.014180
0.813837
0.097557
0.176627
3.553735
0.096619
1.750938
0.516526
0.001131
0.147939
0.487503
0.001863
2.019806
1.582252
0.261288
0.761108
0.497128
0.228284
0.268685
0.654291
1.917637
1.236699
5.156933
3.369572
0.000831
0.061437
0.011225
0.132615
0.232760
0.415607
0.881042
2.395929
0.039886
0.842463
1.677539
5.609526
0.030513
1.091071
0.018716
0.012771
3.543971
0.022624
3.109480
0.341373
0.314516
1.273426
0.041346
1.923124
0.175770
0.546940
6.065441
0.047100
4.290105
0.637421
0.794863
8.500125
3.901035
5.245102
3.212669
4.064761
1.133562
0.056788
3.090385
0.471717
0.520921
0.367846
0.856864
1.473927
0.128670
2.688178
1.011494
2.519004
1.068751
0.939746
0.381138
0.540112
0.083671
1.342140
1.583832
1.791343
1.705752
1.011423
0.074644
1.789001
0.342662
0.042061
0.039805
0.686961
0.496264
0.202712
0.061536
0.082558
1.792583
0.295727
1.711582
0.000292
2.877304
0.000346
0.126026
1.012439
0.040293
0.675884
0.256301
0.266877
0.494761
0.529209
1.506521
0.083937
2.599687
0.897747
0.002461
0.005794
0.023901
1.873119
4.110876
0.250241
0.263821
0.484163
1.508945
1.810730
0.283401
0.274297
0.167577
0.053959
6.510229
0.619489
0.943597
0.168704
0.011442
1.486986
0.009645
0.144639
0.193522
0.051813
0.419483
0.105627
0.677340
0.959081
2.132904
4.803395
0.009062
0.385582
0.018609
0.484914
0.390685
0.034705
5.374642
0.711102
2.995576
2.456555
1.858360
0.000693
0.917803
3.641729
0.717398
0.365039
0.832491
0.315063
0.000667
0.686097
1.237264
0.102549
0.940912
1.000935
1.179434
0.936161
2.042428
0.014817
0.023807
3.624235
1.998180
0.115207
2.537420
0.961078
0.099653
6.347217
3.052889
0.845491
0.615259
0.777726
0.236996
0.126798
0.185046
0.045822
0.190871
0.075256
0.196725
1.191951
0.130218
0.714307
0.730642
3.434928
2.673873
0.641755
3.703964
0.065919
0.120167
0.192019
2.113592
0.490661
2.371046
3.104588
0.983146
1.287610
1.909702
0.522437
0.232893
0.591867
0.086502
0.535492
1.228212
1.233928
0.423314
0.001085
0.226232
0.003517
0.120019
5.174440
0.006218
7.608462
0.002638
1.196464
0.914423
0.025876
0.724100
2.129436
0.184851
2.853021
0.064589
0.712164
0.004501
4.894566
1.605423
1.749051
3.669298
0.222964
1.473654
1.423593
0.877170
0.037710
0.044343
0.113403
0.500743
0.072924
2.298506
0.121163
0.263940
0.994528
0.610142
0.328472
0.163276
0.094576
0.334935
0.951343
0.558959
2.567038
0.009270
0.224506
0.034178
0.002854
0.209834
0.566845
0.238849
0.043809
0.468162
0.089579
2.541023
0.039667
1.950062
0.461121
0.079044
0.292611
0.027395
0.460977
0.991421
0.295426
0.038159
1.760718
1.434414
3.160972
0.018424
0.148015
3.363531
0.217815
0.087596
0.008540
0.033357
4.352182
2.103675
1.372887
0.022303
0.316297
0.079025
1.771400
0.742713
0.300993
2.363954
0.361964
2.262568
0.680787
0.489356
0.472344
0.103507
1.261563
0.026884
0.114746
0.314047
0.344062
3.616682
1.604592
0.038815
2.641000
1.563479
0.772505
5.294466
0.024337
3.778494
0.324164
0.230636
0.786121
0.561369
0.258572
0.034600
9.699084
1.887143
0.002763
0.006371
0.002961
0.529669
6.751603
0.223884
2.209450
2.150542
0.287417
0.365837
0.758079
0.270417
0.010814
0.241065
0.918580
0.267637
0.061989
0.416099
0.532667
0.050317
0.037804
1.487194
0.008687
1.433692
0.901321
0.794701
0.278374
0.251392
2.826153
2.146154
0.484618
1.023329
1.492064
0.356277
1.720110
0.020483
0.307366
1.339560
1.206050
0.633001
2.576877
0.549654
1.548260
0.898890
0.000681
0.248194
1.305194
0.477505
1.018710
1.046940
0.116564
1.782459
0.011048
0.290571
2.565237
0.166662
0.640176
0.394205
0.125974
0.646100
1.008107
0.025559
0.134728
0.001014
0.305889
0.150610
0.411458
0.078756
0.086703
0.237807
1.268952
1.280954
0.091632
0.068847
0.354037
0.120802
0.157160
0.053649
1.381620
0.363251
0.001788
0.634439
0.263593
1.651107
0.103117
0.788679
1.538635
0.223869
0.696764
2.286565
0.022016
0.475518
2.188847
1.146128
0.051151
0.510301
0.022439
0.102490
4.086866
0.475586
0.396088
0.143252
0.508290
1.695397
0.000000
0.126513
0.561845
4.275730
3.213266
0.031481
0.079055
0.225424
1.054940
2.085356
1.415188
0.807136
0.003297
0.249627
0.137308
0.017602
1.308725
0.308791
0.002519
0.288535
0.042741
1.903759
3.125129
0.034632
0.336497
0.008116
2.471027
3.180058
0.048734
0.480155
4.469361
0.081478
1.346817
0.026462
0.329614
0.451737
0.023592
0.059687
2.741513
0.134619
3.802440
2.346863
0.344305
4.671512
1.859437
0.690581
0.014367
1.908202
0.675575
0.084071
0.001448
0.863849
0.000021
2.299227
3.457844
0.075621
0.142428
0.940688
0.089931
1.652651
0.374896
0.588259
2.539020
0.343742
0.122993
0.287717
0.112754
0.137754
0.660135
1.622731
0.002719
0.004051
0.051009
1.874085
0.669797
1.384648
0.459206
2.983016
0.119951
0.181036
0.309619
0.737014
0.030055
2.816615
6.359238
0.848740
0.263285
0.020261
3.323433
0.415352
0.139551
0.016123
0.181860
4.078751
0.460203
0.015111
2.222619
0.126792
0.761861
0.016188
1.090096
7.801188
0.215484
0.106813
0.337535
3.222017
2.683022
4.370980
0.025139
6.858042
0.000536
0.035734
0.119783
0.046459
0.264986
2.633271
0.003299
4.185235
0.266578
0.000116
0.992760
0.143337
1.482011
5.772414
3.984153
0.253575
0.258865
1.288951
0.475993
0.014595
0.860164
0.275827
0.635513
0.015394
0.130240
0.296958
0.996980
0.450073
0.516827
0.491564
0.033474
0.171666
0.024432
0.028733
1.590454
0.035531
0.165524
1.311247
1.692469
0.148587
0.140195
1.607500
0.645606
0.526488
0.774600
1.226059
0.824582
0.080281
0.004984
0.356749
0.184601
1.117310
0.033923
0.097418
0.011330
0.747898
0.000962
0.014755
0.243887
0.345633
2.686505
0.179140
0.894795
0.194867
0.250850
0.497405
0.128612
0.279537
6.194333
0.089761
0.925870
0.422782
1.015517
0.229261
0.862117
1.069929
1.134162
0.062935
0.426295
4.081307
0.268493
0.041907
1.110367
2.921193
1.065072
0.882055
0.130278
1.139234
0.678964
0.165234
0.008018
0.874250
0.793109
0.504868
0.031524
0.001291
0.690536
0.735506
0.396887
0.008077
0.064515
0.719022
0.244729
0.091707
4.494729
1.750858
1.372992
1.483144
0.089199
4.805480
0.304358
0.481028
0.176808
1.565377
3.678243
0.613025
7.385826
0.446091
1.276216
0.434123
0.074757
0.975097
0.381517
3.112860
2.206803
0.323191
0.251623
0.016855
1.725081
0.160182
0.035416
0.451592
0.530592
0.020786
5.379396
3.515900
1.468549
0.330872
0.593959
0.184563
0.032503
0.294823
0.887230
0.076270
1.213351
5.403180
0.218427
0.815632
0.050462
0.326076
0.177020
0.622939
1.864576
3.473551
0.007484
1.072354
0.004022
4.107339
1.399995
0.117399
3.071299
0.115262
3.870162
1.095601
0.228285
0.047157
0.774627
1.589917
0.853140
0.512438
0.004123
0.107434
0.266345
2.798870
0.720773
0.038474
1.409428
0.048006
0.356646
1.514674
3.954647
0.029313
2.087552
0.231417
0.006194
0.041354
0.053913
0.102276
0.125606
0.066184
0.021497
3.843746
0.041044
2.922727
0.057419
2.170222
0.143799
1.262020
0.067537
0.539757
0.002948
0.033598
0.006344
0.398862
0.001234
0.003174
4.979896
0.825375
1.812779
0.123850
0.254850
1.986111
3.548288
4.276310
0.134645
1.221936
0.002710
0.406375
0.219980
0.155410
0.025318
0.137650
3.268943
0.082235
0.131041
0.083541
1.113619
0.139848
0.197621
1.041757
1.045840
0.880214
0.339952
0.146776
2.785579
0.236982
0.074123
0.569618
0.992935
1.290876
0.138663
0.620178
3.272380
9.114627
0.141935
0.450999
0.603938
0.080441
0.365711
0.093008
0.567163
1.253095
2.106612
0.612258
0.074013
0.006580
0.000538
0.039065
0.354540
0.221817
0.069991
0.014402
0.021631
0.403348
1.081830
0.585503
1.826375
0.643548
0.194427
0.654695
0.366393
0.270183
0.044384
0.001568
2.801807
0.007358
0.774175
0.270382
1.802165
0.011919
7.066404
0.032259
0.513019
0.781198
0.005788
0.038358
1.820573
0.787590
1.683194
2.385294
0.273730
2.541348
0.042838
0.064230
0.384290
0.483545
0.305060
0.931808
1.636889
0.014402
0.030368
0.114548
0.483821
0.025459
0.180335
2.335355
1.246593
0.074175
3.561391
0.910154
0.001043
0.285588
1.973239
1.416130
0.521179
0.761989
0.132942
0.585929
4.671949
0.869613
2.140319
1.752686
0.081614
0.105361
2.985163
3.044946
4.535265
0.122733
0.041055
0.030290
7.946034
1.392648
0.027404
0.004464
0.060493
0.632136
0.733437
0.128474
0.015080
0.474039
0.458447
0.004165
0.069599
0.384370
0.328224
0.543719
4.134424
1.404614
0.834964
1.062318
0.061867
0.991198
0.533662
0.659779
4.093417
0.229153
1.150423
0.497657
1.234921
0.850076
0.292449
1.472569
0.721498
0.040519
0.007417
0.986005
1.661122
2.010828
2.381868
0.303618
0.541697
0.790279
0.309448
3.238129
0.024460
3.281122
3.466957
1.458175
2.301250
0.540171
0.000689
0.012796
3.399672
7.030434
0.445607
0.049814
0.342842
0.566492
1.095223
0.202614
0.003015
0.309137
0.042105
0.007269
0.005173
1.198120
0.054609
0.770914
0.369670
1.837591
3.520886
0.911612
6.311941
0.289277
0.645272
0.608432
3.463191
0.089436
3.634858
0.145058
1.740959
0.151574
0.050271
2.726888
0.322699
3.873788
0.014879
0.143559
1.095308
0.022151
1.164069
2.356208
1.223884
4.792369
1.390744
0.151860
0.268796
0.048496
1.946816
0.000432
1.558428
0.347562
0.468889
0.199814
0.257170
0.338336
0.463473
1.013523
0.857618
0.040539
0.008568
0.474657
2.329418
0.089090
0.572741
0.260181
3.054614
1.446608
0.392314
0.549912
0.687838
0.176869
0.390223
1.811349
0.906348
0.861744
0.114342
0.314007
0.076805
1.006772
1.325224
0.082896
0.650706
0.224058
0.064221
1.764781
1.207330
0.014195
0.060261
0.458122
1.851531
0.334840
0.033517
0.197394
2.489756
0.387751
0.246536
0.000457
0.046191
0.150818
3.881649
0.191639
0.011627
1.964901
0.076294
0.428387
0.506894
8.208443
0.561659
0.868774
0.026260
1.489309
0.074474
0.035694
0.000037
1.790035
2.005513
1.411355
0.000112
1.092660
0.561703
0.485859
0.016605
1.998088
0.181775
1.172965
0.000069
5.260843
0.205928
1.329960
1.812244
0.123355
0.037176
0.001613
0.934298
0.142358
0.803529
0.320140
0.000393
0.765248
0.438318
0.004086
5.717904
0.060061
0.001052
0.050474
0.058682
1.709308
0.963493
0.700586
0.328315
3.103388
1.222131
1.608323
0.069243
0.553113
0.060340
0.005623
0.483735
0.756275
0.521777
0.934980
0.003740
2.026705
0.003251
0.746415
0.656858
0.399218
0.067752
0.324974
0.817985
1.130946
1.926359
0.931542
3.188729
0.066297
1.143690
6.589523
0.008679
1.681247
0.261385
0.321917
2.828426
0.911010
0.265843
1.040070
0.262939
1.922748
0.321527
1.971469
0.010612
0.646405
0.000197
1.006577
0.452802
0.198861
0.320839
0.431504
0.569116
0.133806
1.776745
1.773371
0.637855
0.483326
0.197863
0.228549
0.025430
1.331711
0.441367
0.931449
1.098247
0.567299
2.266947
0.677242
0.377302
0.025655
0.919428
0.277106
1.214130
0.192935
0.681663
0.510761
0.124473
0.463636
0.642544
0.273227
0.153514
1.258511
0.578215
0.177641
3.719991
0.421257
0.843855
0.011573
4.529549
1.223622
0.017657
0.004645
0.609730
0.272701
0.001668
0.087655
1.931877
0.119929
0.656642
4.317153
0.034807
0.411929
1.119288
2.500679
0.000461
0.132176
0.358141
0.919207
0.000406
0.017031
0.396926
1.420840
0.001187
0.246697
3.463081
1.276392
0.115810
1.914410
0.902750
5.494069
0.758263
0.747328
0.013419
0.000320
0.333341
0.115153
0.009113
0.348547
0.028653
0.216765
0.754013
0.330722
0.817376
4.347987
0.696831
0.010407
0.000048
0.002194
0.763805
0.113504
0.476415
1.446827
0.001362
1.446704
0.053785
0.101396
0.107215
1.206601
0.001308
0.655520
0.078454
2.644435
0.258374
1.042407
1.953966
0.737924
0.005176
0.172405
0.086571
0.035860
0.806701
1.676728
2.789220
0.449959
0.025042
0.132439
0.288834
0.065005
1.623354
0.191218
0.027765
0.136014
0.196438
3.468536
1.731713
0.327646
0.354392
4.709502
0.000689
2.233960
0.311927
0.043784
0.011781
4.013966
0.004563
0.011056
0.020731
1.506678
0.840490
0.213726
0.028792
1.725619
1.009296
1.323857
1.087108
0.305191
0.007252
0.589351
0.485781
0.046034
0.061560
0.012550
0.083139
0.825119
1.469743
0.006459
0.183410
1.190063
0.019233
0.476982
0.196394
0.609177
2.077057
2.035545
2.616576
1.705315
0.243365
1.763030
0.058067
1.492530
0.817040
0.001611
0.458934
0.000968
3.306162
1.572980
1.004274
3.991534
0.296252
0.108048
0.177012
4.592173
1.569851
0.011497
0.060855
0.037455
3.208317
1.198441
0.930739
0.036077
9.218664
0.306568
0.755307
4.234734
2.531951
1.485169
1.697745
0.264609
0.066960
0.500452
0.540567
0.156893
2.376004
0.122555
1.350739
0.009601
4.577181
1.527486
1.721466
0.080609
0.000578
0.088977
0.763234
0.012284
0.059664
0.912013
0.048155
0.282860
3.653568
0.052206
0.062354
0.439368
0.173743
0.045359
0.081432
0.552950
0.004183
0.661343
1.308246
2.188545
0.056008
0.000124
0.889494
0.684681
0.130199
1.291287
0.002019
4.604753
0.107293
0.146600
3.412503
1.873699
0.024453
0.923553
0.177869
0.130419
0.892459
0.294558
0.514359
1.327635
0.096937
0.000555
0.670710
1.604013
0.153823
2.075165
0.144051
1.840992
0.005016
0.909749
2.002675
0.285121
0.318187
1.733250
0.211212
0.003221
0.142769
0.181658
3.306448
0.982786
0.165166
0.001106
0.583545
7.711020
0.107235
0.957822
0.002203
1.052319
4.549626
0.377869
0.424243
0.302622
0.045200
0.093646
0.052634
0.128760
0.124260
2.422876
0.131995
0.022874
0.636188
0.497701
0.489426
1.844452
1.031065
0.993766
3.351290
0.032997
3.978499
2.623080
3.155086
0.719260
1.255771
1.529410
0.011528
0.277510
0.000871
2.111912
0.000014
0.097817
0.019253
2.475251
0.009355
0.005841
1.985051
0.589920
0.039130
0.093396
0.023059
1.400810
2.682189
0.005547
0.160697
0.550642
2.099258
2.754217
0.271370
0.270721
0.004620
0.000894
0.239421
0.001080
1.338332
1.170336
2.021468
1.055603
0.548915
0.026056
0.007070
0.015450
1.897578
1.268624
3.253919
0.183290
1.873483
0.473979
1.626504
0.995424
0.957602
1.329635
0.866053
2.714195
3.652503
0.370331
0.473927
3.848528
0.036307
0.613992
0.507096
0.009677
0.010759
0.790211
0.424492
0.044566
0.222029
0.435593
1.533786
0.016165
2.922560
2.840301
0.005630
0.070399
0.001731
2.685199
0.377812
0.352621
0.144867
1.175372
1.063006
0.660299
2.918833
0.692633
0.000214
0.135280
0.209655
0.119854
0.328797
1.507633
0.019658
0.003015
0.016298
0.309731
0.058186
1.222427
5.558138
0.000483
0.012140
0.129421
2.708350
1.336944
2.702585
1.617748
0.077598
2.300993
0.242163
0.418954
1.216640
0.569767
0.440216
0.019971
0.078757
1.315320
0.192450
0.040476
4.344821
3.618283
0.119443
0.076278
6.265002
0.009369
0.979454
0.019613
0.327447
0.193861
0.386268
0.039368
0.107738
2.227500
4.497794
0.016824
1.470126
4.987773
0.232704
0.034249
1.316438
0.057689
1.914980
0.180814
0.385368
0.009922
0.160891
0.037112
0.788091
1.183297
0.253104
0.198797
0.148960
0.073444
2.089722
0.005411
0.321860
0.267240
0.359929
0.248987
1.103271
2.582329
0.006310
5.820495
1.895195
0.128837
1.975020
0.572524
0.000013
0.218202
0.066787
2.698550
0.004098
2.240823
0.054857
0.169830
0.480425
0.007871
0.505803
0.146563
0.354971
0.087684
0.178514
1.602138
0.009062
0.404108
1.978406
0.228632
0.167922
0.044084
0.493378
0.260187
0.096372
0.952217
0.022508
0.372653
0.342924
0.554852
0.058226
0.027277
0.165681
1.894929
0.038551
0.004471
0.948544
1.875236
0.942715
0.363424
0.305429
1.434260
1.377168
0.253973
0.549698
0.993433
1.109733
0.930958
0.377646
0.439020
0.457456
0.155603
0.815439
0.130423
7.479235
0.058537
0.011210
0.833424
1.722184
0.180990
2.356740
0.348549
0.573989
0.038824
0.204313
0.720483
1.694826
0.089791
1.198523
0.076941
0.680410
2.225165
0.110455
0.400586
1.268193
2.019095
2.330146
0.851389
1.139814
9.480142
0.276853
0.090175
2.721664
1.682339
0.007390
0.412701
0.056427
2.674361
5.325614
0.003791
4.818866
0.001546
0.711078
0.006081
0.975940
0.293040
1.410279
0.603451
0.400670
0.523031
1.165955
1.929917
0.051686
0.510592
0.343612
3.935399
0.109880
0.133849
0.022409
0.397900
0.123003
0.018303
0.150735
0.326510
0.307759
0.232531
1.175995
0.115287
0.708215
0.910447
0.219914
4.445566
0.173313
2.446684
0.000913
2.276157
0.110965
0.012997
0.620680
0.229383
0.138773
2.121792
1.477086
4.887234
6.175951
0.509661
0.049386
1.625903
1.384604
0.888041
0.003186
0.483918
0.843987
0.633339
0.201292
0.163924
4.747835
0.055290
4.437918
0.932890
2.159183
0.031560
3.575877
0.397629
0.171294
0.416522
3.145714
3.076815
0.206037
0.039342
0.198317
1.253111
0.000125
0.153922
9.935343
0.474452
0.368255
2.492247
0.147870
1.566604
0.114133
6.133684
3.214437
2.239582
0.523483
0.085749
0.086916
0.244057
0.269939
0.202261
0.003725
1.912012
0.955131
0.925511
2.293991
1.653380
2.701493
3.055379
0.358487
0.838529
0.177148
0.015619
3.201045
0.033343
0.380157
0.145296
0.002615
3.740090
2.719916
0.300452
1.386126
1.250707
0.211046
0.004890
1.865196
0.370673
0.874711
0.781214
0.904881
0.002661
3.298191
0.048676
0.276024
2.839026
0.002125
0.819421
0.041843
0.531873
4.550134
0.121266
0.156777
0.017949
0.467461
0.000001
0.011861
0.772926
1.104538
0.852741
0.244943
1.956863
0.063146
0.935465
0.039124
0.251781
0.199350
0.314098
0.012852
0.109579
0.101340
0.798007
0.002260
0.302861
2.117940
0.000008
2.934861
2.162477
2.852749
0.047180
0.517089
1.665402
0.389939
1.602914
0.066851
0.125240
2.909846
0.071406
0.847624
0.151211
0.806504
0.076730
0.358264
0.057856
0.006007
4.698306
2.701336
0.096703
1.066219
0.009909
0.105041
0.003036
0.288258
2.115162
0.009706
0.690207
0.525494
1.602814
0.675746
0.094286
0.448090
1.515733
0.887340
2.945850
0.004705
0.500869
2.264422
0.275922
1.033625
2.153711
0.002885
2.578547
4.466302
0.008632
0.238919
0.048505
1.450283
0.314769
0.859143
0.231734
0.071634
0.045389
0.067705
0.582202
0.291726
0.256955
0.820693
4.124813
0.398782
0.018399
0.939861
0.318297
6.688952
0.458046
0.002705
0.006472
0.055611
0.688626
0.685901
0.250734
0.104088
0.108217
1.447000
2.734880
3.420173
0.052608
0.374155
1.665259
0.224771
0.612544
0.100095
4.031687
0.938084
1.692896
0.621156
0.067596
0.489051
1.177694
1.232557
1.982511
4.591688
2.091057
0.674654
0.201590
2.273975
2.447407
1.600230
0.496735
4.728236
2.146862
0.681193
0.690463
1.528758
2.769502
0.134344
0.120130
0.091248
0.347019
0.752719
0.004625
0.278425
0.094560
0.765386
0.006517
1.975795
0.193420
0.320502
0.024711
0.099409
2.038311
0.329296
3.915658
0.050013
0.936151
0.418775
0.039764
0.046609
0.656124
0.358122
0.329443
0.302084
0.000416
0.317452
3.020677
0.449932
5.621042
0.461575
3.260148
0.020561
1.149810
0.184868
0.339653
0.012486
0.079374
4.077965
0.259167
0.151269
1.079616
1.706468
1.544401
1.938656
0.176194
0.768897
0.026515
0.264746
3.057726
4.865444
0.289876
1.069184
0.361262
0.095257
3.518136
0.674689
0.020792
0.083058
1.479426
0.900910
1.758880
0.641794
3.208148
1.534782
2.897551
0.439892
0.659258
0.097279
2.299993
1.002677
0.068804
0.102603
0.181700
0.268699
4.578728
0.012499
0.002570
6.021753
0.026655
1.036867
2.032129
0.054797
1.182744
0.809925
0.000443
0.624422
0.027966
2.131755
0.924053
0.000877
1.046297
0.935216
1.919667
0.314562
0.066499
0.184765
0.253128
0.004301
0.269456
1.153006
0.064857
0.346186
0.147228
0.814985
6.891903
0.180684
0.056510
1.564852
0.643780
0.160891
9.272322
0.004017
0.883933
0.067613
1.035634
0.822356
0.060294
0.188643
0.047395
0.291076
0.018059
1.672201
0.485888
0.482402
0.151920
0.538121
0.877867
1.717418
0.004239
0.795899
2.624728
0.054507
0.405112
0.168717
0.453888
0.374896
0.742183
0.004388
0.163251
0.006908
0.776918
0.558323
0.527595
0.018814
0.385169
0.089457
2.200339
0.024071
0.437673
0.498992
0.776692
0.670494
0.070950
6.875889
3.194205
0.881402
0.272311
5.099184
0.578832
0.830602
0.281525
0.328538
1.112974
0.774679
0.733529
0.827893
0.003118
7.805377
4.872965
0.347681
0.052134
3.087185
0.297431
0.045147
0.649467
5.657159
0.026482
5.620283
4.282234
0.227456
2.296283
1.237241
0.118707
0.102714
0.234021
0.237517
0.956976
0.071480
0.423771
0.269615
1.377237
0.038098
0.047805
1.399690
0.674891
0.319784
0.017147
0.006900
0.065297
0.378460
0.025667
0.000161
0.002311
0.055303
0.044899
1.064979
0.470883
1.832680
1.273738
0.809159
0.421485
0.872724
0.718897
0.289404
1.440553
1.997232
0.004187
0.896450
0.684457
0.025371
0.948112
0.176840
1.294407
1.268631
0.054559
0.069158
4.212757
1.706084
0.099395
0.103101
0.650906
1.622717
0.221288
0.895690
0.174068
0.925387
1.228678
0.001844
0.658534
0.128940
0.031301
0.085060
0.663930
0.640503
0.749375
2.740332
0.002993
0.455417
0.905927
0.964956
0.171407
1.502497
0.712610
1.514407
0.169940
1.929486
0.144364
0.345347
0.473853
1.519063
0.236660
1.350866
0.151539
0.893814
1.961027
0.697216
0.000459
0.083787
2.359605
0.352720
7.167471
0.079121
3.429221
2.502344
4.959103
0.013190
2.242326
1.478792
0.473101
2.239884
0.407045
0.000317
1.336395
0.364034
0.193360
0.021678
0.064862
0.015100
0.364828
1.346239
0.150265
0.304279
0.256321
0.132597
0.650069
0.265842
1.101580
0.916094
4.547113
0.084263
0.001332
3.065933
2.083696
1.219805
1.416275
0.944044
0.247278
0.022266
0.205928
0.611854
0.268535
0.089650
0.021720
8.789971
0.074644
1.362001
0.050952
0.068720
1.111472
8.263804
0.121575
2.541709
1.210246
2.083836
0.027281
0.029376
2.256490
0.155078
2.562102
1.667313
1.001053
0.000107
0.192291
4.866977
0.114534
0.375453
0.413480
0.459037
0.079878
0.520429
2.170128
0.763422
0.601019
1.951742
2.019695
0.171673
0.218042
0.044544
0.344188
3.907129
0.159291
0.456784
2.471391
1.641510
0.851648
1.207362
0.029547
4.125811
0.485871
0.035537
0.026762
1.796684
1.266019
3.041782
0.028253
9.835631
0.159688
0.247926
0.869374
0.071330
0.076847
0.245639
1.238046
0.068914
0.120243
0.123831
0.862679
0.278374
0.352142
1.000084
0.675019
1.209205
0.134907
0.038055
0.709328
1.108838
2.609004
0.040143
0.003705
0.167759
1.531138
0.302381
0.444820
0.003865
0.355648
0.066791
0.010375
0.078264
0.612549
3.784840
2.143401
5.250615
1.176234
0.769596
0.336266
0.808141
0.669209
0.794559
0.016168
0.089292
0.054006
0.216558
1.105589
0.509325
3.486628
0.495599
0.066218
0.561145
0.272873
0.041546
0.564076
3.759640
2.151596
0.092970
0.148965
0.033893
2.051376
0.493689
0.484142
0.290136
0.180651
0.355209
0.077844
1.416481
2.503307
0.006650
0.013306
0.068159
0.224521
0.092060
1.434829
0.047025
0.035864
0.757456
2.384949
2.868435
0.021063
0.143642
1.393642
0.039085
1.231614
0.047475
1.440776
0.230912
0.408997
0.009817
0.011225
1.979856
0.258731
0.118930
0.000271
0.362316
0.003147
0.400633
0.815079
0.348073
6.169748
0.753674
0.671899
0.043294
1.647916
0.041626
0.685897
1.383382
2.250748
5.600563
0.070123
1.333641
0.006988
0.107972
1.034681
0.557811
0.018867
1.923027
1.193168
0.543135
3.803619
0.221119
0.035798
0.494446
2.213776
2.613027
0.018368
0.087055
3.975253
0.837577
1.794941
0.757873
0.884860
2.268852
0.856893
0.279244
2.579016
0.439243
1.688064
0.029480
0.729476
0.005312
0.391834
0.000450
0.008429
0.091651
0.705145
0.294532
1.560834
1.257981
0.899927
1.063113
3.257491
0.231421
0.000463
0.059286
0.975237
0.538499
0.061937
2.308899
0.004475
4.185883
0.150904
0.524634
0.005545
0.647709
0.488481
5.144082
2.920230
1.651054
0.642704
0.222617
1.097670
1.045051
0.015329
1.739482
0.169429
0.002575
0.452222
0.270047
0.213824
3.614478
0.649507
5.581557
0.684913
6.453152
0.142234
1.458530
0.610934
0.045041
2.275435
1.781535
0.049837
0.122777
0.636069
1.540958
0.999093
0.078857
0.626633
1.268057
1.331691
1.438773
1.050166
0.060718
1.979527
0.186761
0.062872
1.126345
0.740063
0.146940
0.835262
0.034179
0.241460
0.223795
0.687810
2.207869
0.012534
0.467036
0.413166
0.228532
0.016630
1.719300
0.524761
2.672013
0.087272
0.101387
0.161917
0.140041
0.396302
3.957666
0.062482
0.001999
0.201916
0.186100
1.296170
1.552297
0.119102
0.070898
0.297503
0.951602
0.000130
0.258609
0.701329
0.211227
0.336901
0.068000
0.087541
0.090591
0.092579
0.084643
1.437566
1.085798
0.411803
7.129402
0.326033
2.185137
0.011373
0.115605
1.353085
0.091496
0.008790
1.876329
0.374850
0.057537
0.498915
11.017653
2.230405
0.105790
0.275252
0.889790
1.095496
0.155829
1.450265
3.258169
1.711370
0.389439
0.415326
0.436802
0.019744
0.595698
0.482700
0.335438
0.068082
2.843438
0.006613
0.710491
2.294299
0.002486
0.743597
0.547919
0.569871
1.044404
0.697140
0.015463
0.016759
0.391307
0.017447
0.005955
0.067197
5.359655
0.069169
0.001005
0.924323
0.948883
1.273113
0.016094
1.262618
4.898028
0.165522
2.630231
0.367240
0.028038
0.021795
0.054033
0.437483
4.472259
0.004727
1.471713
0.010275
0.577205
3.982476
3.035374
0.168046
1.503880
1.054225
1.004582
0.138944
0.002582
0.019631
0.288519
0.095728
0.227652
0.506798
0.100633
0.200883
0.136186
1.623180
1.417226
8.721627
0.008010
0.223216
0.156517
0.535401
1.772749
0.660972
0.036253
7.345528
2.920681
2.257699
0.713180
0.054311
0.030035
0.044186
0.026621
1.000279
0.508276
0.298811
1.858189
0.058589
4.228387
0.080023
0.320912
0.853420
0.011433
1.661761
0.100023
0.665005
0.078050
2.859225
1.112169
0.394424
0.683342
0.121704
1.251830
0.079038
2.586772
0.935818
0.000161
0.011231
0.079271
0.076844
1.053827
0.089483
0.964773
0.008328
0.322184
1.423118
0.465062
1.191901
0.579232
0.540112
0.614251
0.878137
0.738841
0.667634
1.214174
11.228775
0.146348
0.122974
0.230088
4.138171
0.189084
0.591722
1.760508
1.883600
0.033995
0.006352
0.954095
0.462875
0.588236
0.102058
0.014440
0.045830
1.457305
0.087879
0.699498
0.316452
0.106861
1.076508
0.925513
1.106296
0.567485
0.107668
0.614250
0.323971
0.057644
4.479107
0.064212
0.157813
0.714352
3.440800
0.058825
0.496132
3.472450
6.105184
0.643703
5.756211
2.832843
1.467459
0.025043
0.234870
0.530252
0.397019
1.386701
1.325612
0.149724
0.015061
3.450192
1.017969
1.984258
1.567357
0.478081
1.284958
0.130167
1.704309
0.030110
0.160729
0.015652
0.108021
2.184699
0.301450
2.063945
0.619853
0.122599
1.601189
0.668706
0.015533
1.364365
4.386101
0.175640
0.137725
0.397883
0.180747
3.725823
0.494382
0.034665
0.488057
0.211014
0.781317
0.756624
0.241116
2.286661
2.223204
2.896541
0.002308
0.017166
1.150694
0.037716
0.152810
0.251515
0.256704
0.717957
1.779822
2.183579
0.626893
0.562414
0.605857
2.960422
0.063076
0.522851
0.339765
0.184977
0.127732
0.056245
0.068553
0.391815
0.063069
0.113586
0.000084
0.531842
0.180997
2.214066
0.065540
0.371255
0.005280
0.766744
0.007849
3.499989
0.185216
0.613071
0.316370
0.467488
2.492774
0.125047
1.796056
0.010436
2.436409
1.097735
1.093531
0.269180
0.146539
0.084452
0.006714
6.137423
2.839317
0.069477
0.033801
0.191248
0.433663
0.362619
1.885042
2.161088
1.107382
3.508313
0.002247
1.061735
2.462182
0.448792
1.226583
5.159211
0.001938
0.140140
3.765806
0.142571
1.298515
0.706766
1.407960
1.348527
2.979188
0.473143
1.591580
0.130722
0.519857
1.603694
0.581935
0.142134
0.615974
0.023059
0.730838
0.172219
0.040287
0.757334
0.012145
0.149487
0.335282
0.144564
1.997146
0.305016
0.141871
0.463942
0.097545
0.110331
0.002074
0.177633
0.021257
3.000525
0.557985
0.971556
0.624327
1.902865
0.694432
0.827519
0.710025
0.685329
0.124525
0.104147
1.515633
0.045539
1.847323
2.159202
0.368185
2.616399
0.048417
0.228068
0.256636
4.123162
0.097353
2.600996
0.044578
1.121032
1.198472
0.799543
0.466733
2.110309
3.127165
0.020496
4.719398
0.098783
0.000339
0.526667
0.486966
0.028056
0.096515
0.288128
1.723327
1.017678
0.623443
0.010488
0.268868
0.656561
0.191713
0.022462
0.003981
2.107657
0.077897
0.000799
0.017361
0.991885
0.025375
0.230977
1.858445
0.623544
3.829701
0.445158
1.070579
0.655124
4.264676
1.804181
1.416353
1.874095
0.275759
0.009385
2.555505
2.401888
1.366262
2.229773
0.034079
0.738232
0.218503
8.473490
1.044873
0.090412
4.753294
0.098395
0.206604
0.358359
0.370529
0.089778
0.046641
0.001486
0.046012
0.028378
0.375031
0.004793
1.408191
0.498895
0.219620
0.063094
0.461062
0.741737
0.881701
0.163250
0.635626
0.012910
0.810220
0.131675
1.228304
0.205654
0.027420
0.581975
0.717160
2.169219
0.000668
0.030523
0.487362
2.182647
0.315059
1.610995
1.036458
1.167364
0.048971
0.601354
2.126970
0.600627
0.165245
0.277241
0.528211
0.046812
2.340238
4.921181
0.022836
0.008965
0.002945
0.031254
0.367975
0.455135
0.007455
0.589922
0.003508
0.304114
0.265590
1.153845
0.607487
0.297796
0.881975
0.001006
0.343931
4.369826
1.998915
0.285979
0.298864
0.000372
0.397515
0.173422
1.789718
1.729199
0.061946
0.032228
0.579008
3.311843
1.256064
0.844760
0.645649
0.610195
0.000067
0.148516
1.718513
0.078331
0.017898
0.015449
0.455885
0.026234
0.165376
0.955756
1.941225
0.135401
1.861845
0.045255
4.521328
0.010350
0.787517
1.608092
0.498621
0.684969
0.005152
0.746332
0.062760
0.505351
1.467835
0.007147
0.114685
0.058025
0.017109
5.167863
0.523298
0.465214
0.765472
1.532686
1.986725
0.052900
0.583218
0.446099
1.008146
0.094122
1.748055
0.008322
1.635537
0.032226
2.835575
0.619144
0.291990
2.662437
0.243198
0.059452
1.020387
0.274266
0.293377
0.095723
2.629639
2.976731
5.393567
3.703129
0.343367
0.175342
0.696369
0.003402
1.157145
1.231275
0.002578
1.989379
1.480631
0.282789
0.084664
0.190210
0.091867
0.026477
2.074459
0.173078
0.192402
0.251553
2.617259
0.603645
0.070770
1.865098
0.170641
0.000002
0.224993
0.081741
4.191686
0.271137
2.958943
0.351244
0.685105
0.017075
0.315573
0.043215
0.005096
0.076543
0.090623
0.332183
1.028170
0.700814
0.011978
0.122668
0.131248
1.033505
0.027566
5.018661
1.204528
0.048639
6.814145
0.786189
1.287749
0.707816
9.839446
0.163536
2.628595
0.198106
0.958007
4.913188
0.010689
0.034293
0.227443
0.020948
2.105749
1.805222
0.152088
4.993410
0.190437
0.879387
0.362283
0.001713
0.000971
2.351752
1.413495
0.346992
6.316254
0.345547
0.037979
0.009538
0.007471
0.120512
0.025041
2.073057
0.078040
0.145829
0.064456
1.322143
0.748246
0.493415
3.473618
0.426804
0.316133
0.077043
1.258744
0.573896
0.941055
0.103478
1.472180
0.098053
1.140313
1.835990
0.291492
0.163127
4.939601
0.000024
0.142142
4.718431
0.076170
1.619102
0.194738
0.466498
3.080628
1.016819
0.000332
0.330795
0.043992
0.002326
0.132772
0.064375
1.857055
0.173557
2.314312
0.700344
0.070379
3.181789
0.449438
1.630746
0.014692
0.285991
2.982551
0.013443
0.699336
0.319935
3.162780
0.672240
0.063176
1.844948
0.367882
0.264585
0.934122
0.012751
0.013731
0.702590
1.636440
0.095545
0.289600
0.156827
0.821214
1.094495
1.363723
0.132202
0.140580
0.116257
0.095502
0.327273
0.488375
1.384273
4.293058
0.688750
0.015104
0.372660
0.446922
0.095608
0.001816
0.106456
1.332460
0.338490
2.842034
0.731402
0.009386
0.717239
0.179703
0.243976
1.695165
0.912523
1.262630
0.000005
0.194094
0.048775
0.661731
0.039500
0.055606
3.775575
0.209202
0.963738
1.215144
0.104332
0.212214
1.073862
0.765066
3.723351
0.001634
1.060731
1.321860
1.222702
0.051906
0.104469
5.539685
3.636980
0.071081
1.529792
3.220756
1.468738
0.061373
0.086288
0.266500
2.119508
0.045554
3.215889
1.679732
5.961703
0.005524
3.734766
0.786839
0.036881
2.826623
0.078377
0.016194
0.012977
0.991116
4.547505
2.728832
0.088950
0.189932
0.089980
6.071654
1.130990
3.177096
3.021286
2.012010
1.798853
2.304486
0.697772
2.471115
6.222629
0.570561
1.640148
1.342785
0.031449
1.119210
0.838653
4.716546
1.223277
1.369178
0.131416
0.669348
0.207814
0.319550
0.048577
2.846843
0.142307
0.202941
2.916720
0.963183
2.395067
0.083010
0.967000
6.304581
0.677417
0.498084
0.197085
0.104838
0.630612
0.431173
0.289532
0.363387
0.978077
0.281763
1.692048
2.140482
1.783345
0.119364
0.144326
0.177330
1.203870
0.444875
0.023374
0.163886
0.114401
0.183667
4.388776
3.287273
0.157572
0.382928
0.344373
0.007393
1.599385
1.960563
0.087718
0.952765
2.961812
0.002357
0.980401
0.637851
0.352315
2.012415
0.021285
1.100503
2.252162
0.107425
1.599423
0.938425
0.987872
0.443239
0.074375
0.007222
0.285842
0.445229
0.886581
0.883804
0.131499
1.398378
2.928642
0.494293
0.651329
0.928663
0.044674
0.046827
0.205657
0.097232
0.255274
2.050745
0.125877
0.227776
1.257533
0.648764
3.811312
0.005488
0.923667
0.091400
3.400048
2.330421
0.017173
0.723887
0.963132
0.314630
0.055611
0.344947
1.588515
0.805950
3.351226
0.001036
1.108371
0.373048
0.473117
0.081937
0.027704
1.182073
2.181250
0.179195
0.026458
0.348984
1.809471
0.896955
0.010176
0.537691
0.665791
0.099695
0.062315
1.914912
0.086127
0.398721
0.348335
0.476845
3.089766
0.018802
0.034416
3.350377
2.683798
1.030934
7.409268
0.115823
2.437898
1.879125
0.309152
0.169987
1.074190
0.449789
1.505225
2.596450
0.203123
0.973000
1.507625
0.000011
0.006218
0.001984
1.006389
0.081356
2.103347
0.249236
0.130998
0.024020
0.646990
7.483430
1.164294
1.737998
0.041265
0.059756
0.946368
0.000018
1.305562
0.485409
3.539172
0.731979
7.502513
0.045038
0.000427
0.060768
1.824774
2.218729
0.033443
0.204604
0.599736
1.249019
0.081227
0.006635
0.333578
0.040471
0.077758
0.433665
2.843645
7.354832
0.479127
0.038925
3.971409
0.059342
2.356438
3.358728
0.140530
0.000337
0.005549
0.029664
1.914336
0.340773
0.561554
1.010694
0.060334
0.540997
0.010244
0.231638
1.252185
0.549044
0.012806
0.015420
0.206444
0.021411
2.915243
1.320360
0.008500
2.701745
0.093632
0.172614
0.587833
8.172702
0.171759
0.046618
1.668744
0.000028
0.217894
0.351879
0.527888
0.740710
4.965413
0.086562
0.062888
0.544458
0.426453
0.010094
0.001522
0.451503
0.092120
0.103410
1.004506
0.010640
0.234429
0.415025
3.124449
0.025704
1.788531
0.131167
0.020937
0.000821
2.388645
0.126161
0.486642
0.964955
0.781954
0.449571
0.006986
0.431893
1.495069
1.020646
0.260554
0.278411
1.348552
0.291551
1.009121
3.788747
0.019745
2.464575
0.636096
0.240134
1.121233
2.322829
0.224515
1.467291
4.739823
0.586882
1.131259
0.086972
0.002425
1.943030
0.713763
1.251518
0.894225
1.175168
1.250123
0.007756
0.964825
0.083600
0.344244
1.181146
1.877457
0.449664
0.291557
0.265153
0.188857
0.014140
2.551609
0.024568
5.297964
0.020589
0.245464
0.937170
1.510447
0.902272
4.360589
0.583351
0.626617
0.321141
0.311610
0.011309
0.495908
3.872438
0.032322
0.013182
0.030074
3.428553
0.740531
2.250053
0.038072
2.412329
1.510830
0.794497
1.551545
0.066805
3.631410
4.497709
0.791660
3.112350
0.278621
0.056621
0.023759
0.410712
0.074449
0.002745
2.335661
0.091434
2.827976
0.266281
0.134901
0.444533
0.036293
0.341282
0.215277
3.056832
0.026840
0.490832
0.001799
1.094246
1.011559
0.828765
0.001373
1.457119
0.646732
0.023543
3.730531
1.183448
1.646767
0.125786
3.481215
0.003707
1.707880
1.338259
0.432691
1.328509
0.804174
0.819003
2.904617
0.311431
3.331152
0.484784
0.327578
0.322165
0.040549
0.020229
1.804084
0.653873
0.001692
0.790341
0.000007
0.509487
0.554270
0.477714
0.862088
0.489100
1.094866
0.026308
0.014519
5.240065
0.875637
1.007705
0.057591
0.278914
0.400290
0.013568
0.915880
0.319890
1.552521
0.000614
0.746466
2.411904
1.154377
1.151112
0.123276
3.401282
0.038280
0.034669
3.390436
0.238109
2.295311
0.379157
0.126619
0.075623
1.254083
0.002670
0.867401
0.445553
0.540610
0.928718
0.052606
0.216359
3.585193
0.090454
0.557707
0.087713
0.031360
0.031930
0.000671
0.827731
0.841945
4.853333
2.229710
11.315652
0.054160
0.001317
0.166187
0.223120
2.780579
0.942882
0.561056
0.699413
0.051948
0.075749
0.053293
4.087479
0.359009
0.010547
0.367169
2.280627
0.036139
2.924290
0.762603
0.054418
5.553133
0.057887
0.849409
0.018431
0.000003
1.680049
0.219201
0.141820
0.209220
0.008565
2.459637
2.909387
1.066771
0.128984
0.000273
0.155746
1.859940
0.432038
0.007596
0.275384
0.008365
1.984673
0.637371
0.338015
0.442672
0.027948
0.235247
0.466628
1.760199
1.286245
0.514389
0.542950
5.947828
0.310515
1.023950
0.017175
0.000017
12.918140
1.818281
1.015439
1.021377
0.553102
0.022053
1.291161
2.626809
0.248984
0.478728
2.063435
0.415606
0.987722
0.137778
2.751061
0.000095
0.941130
0.000106
0.345941
5.855195
1.366636
0.345240
0.046667
0.001543
0.699994
0.911155
0.354964
0.003410
0.000711
0.130826
0.259118
0.052279
3.721690
2.994701
1.267871
0.203072
0.414722
6.201823
0.116694
1.025578
0.300205
0.220761
1.700139
0.651357
0.314398
0.177972
0.229631
2.003404
0.030716
0.093897
2.112811
0.767960
2.336196
0.104172
4.648479
0.070868
1.275221
0.934375
0.225449
0.917478
0.055494
2.588923
1.030971
0.017655
1.138039
0.008400
0.051613
0.007057
0.194155
1.770582
0.261549
2.220941
0.008223
1.030974
2.183032
0.000677
2.677453
0.143813
5.625826
2.148712
2.905011
0.052424
0.923937
0.242538
0.004197
0.563638
2.736591
1.255788
2.168491
0.956439
0.017027
1.878552
1.323557
0.011095
0.252489
0.065051
0.000000
4.139628
0.638613
0.884040
0.670593
4.569649
0.880226
0.454020
0.019476
0.041260
0.199279
3.287999
4.481701
1.163594
0.274412
0.556056
0.000083
0.564992
0.174648
0.000294
1.662414
0.081152
0.127933
5.495226
0.524994
2.020813
0.024646
6.713272
0.175763
0.102614
1.467605
2.374359
1.326092
0.187459
1.508979
0.172016
0.194983
0.124253
1.887202
0.000007
0.033938
0.660554
0.003000
1.346406
0.419335
0.070760
1.329439
0.204904
0.470737
0.012124
0.118352
0.645433
0.104340
3.254624
2.230116
1.069509
0.216728
0.029867
0.066134
0.039822
0.009365
0.294954
2.389193
0.706122
0.030051
0.000030
0.008348
0.245917
0.984184
0.813933
0.187356
0.000005
0.002516
0.494869
0.096997
2.852900
0.332570
1.734924
0.972981
5.882366
0.268036
0.459415
0.028881
0.482441
0.467106
0.069990
0.523047
0.198869
0.379143
0.049009
3.504763
1.354069
0.003578
0.597651
0.246314
0.020364
0.157469
0.161012
0.006248
1.000784
0.103717
0.128141
5.203770
0.288175
0.830781
0.795282
0.908319
0.244361
0.972756
3.269474
0.123448
0.232643
0.222195
0.110116
0.245949
0.039216
1.124244
1.011853
3.993153
0.000111
0.001805
2.773193
0.495613
1.229713
0.052323
0.297575
0.691146
1.940575
0.360012
0.333503
0.413429
3.507348
1.198882
0.205502
0.006812
0.720134
0.021737
0.047346
1.058842
0.089048
0.217284
1.040274
1.684431
0.379299
2.024642
5.288890
1.090721
0.028576
0.066453
3.358217
0.623410
0.584661
0.085833
0.126083
0.507919
0.271174
0.671560
1.569490
0.032001
0.479705
0.053346
0.012924
0.002820
0.101637
1.023473
0.062397
0.000017
2.431797
0.354124
0.000004
0.868296
1.993221
0.002952
1.008847
0.102538
1.448766
1.376753
0.743186
0.308884
2.390185
0.002053
2.353531
0.014406
0.012678
0.261543
0.093170
0.287420
0.000637
0.087297
0.818456
0.162246
0.673615
0.251775
5.360722
0.126964
0.084860
0.274222
0.011952
0.417191
0.526629
0.818632
2.163613
0.350453
1.728219
0.773368
1.102403
0.059457
0.115850
0.017259
1.875222
4.632368
0.787556
0.002651
1.759603
2.145613
0.369819
0.000427
0.295007
1.494436
0.057486
1.295889
0.879017
0.522174
1.633783
1.296344
1.338370
0.021729
0.028096
0.682589
0.567368
3.474811
1.272475
0.475809
2.323387
0.414147
0.046838
0.489439
1.147755
0.798519
0.026042
0.045273
0.162572
1.408508
3.531373
1.649716
0.814556
0.000111
0.135063
1.114808
0.098013
0.633702
1.726505
2.213376
0.271759
1.122027
0.361108
0.334267
0.145111
0.708233
0.249822
0.260062
4.383965
0.506118
4.168027
6.424983
2.115510
0.983322
0.002101
0.000465
0.013746
1.375207
3.929420
0.551088
0.125885
0.524620
0.204805
1.787477
1.012382
1.292464
0.036645
0.097089
0.207124
0.001970
0.090599
0.329019
0.514312
0.000000
1.934660
0.017433
0.004346
0.362684
0.832435
0.002581
0.003027
0.007122
0.007420
0.061334
0.382058
0.003439
1.359373
0.006197
1.888947
0.040759
2.926916
0.333540
0.002796
2.465610
0.001890
1.840818
0.024410
0.106227
0.000735
0.001231
0.276932
2.439861
0.002890
0.000463
0.021904
0.085542
0.220754
1.853098
0.160894
1.236719
0.269775
0.111664
1.016385
0.098127
0.824254
3.011632
1.188044
3.604705
0.578742
3.978922
0.147064
2.958042
1.806025
4.806298
2.239265
2.192120
0.599190
3.837679
0.026967
1.103727
0.000119
1.245687
1.541683
1.020689
0.070501
0.273164
1.857961
0.000192
0.012225
1.757326
0.334259
5.094489
2.776672
0.981456
0.022055
0.269613
0.156407
0.323037
0.087085
1.387069
0.624891
2.368482
1.168095
0.001506
0.090017
0.742711
5.375262
1.794913
0.309663
0.856262
0.320949
0.035412
0.060857
0.040057
0.304963
0.213898
0.221230
0.159950
4.526743
0.004644
0.055792
0.019150
0.586812
0.233918
1.292155
0.020900
0.170440
0.093818
0.355333
1.909159
1.353152
2.033311
2.994778
0.054309
0.233582
0.027985
0.115713
1.003696
0.398611
0.453953
0.006213
1.124581
0.003335
0.495143
0.467229
0.124528
0.011931
0.352779
1.338403
2.362767
0.120691
0.123308
0.038980
0.030037
0.440239
0.074976
0.056718
1.197104
0.550150
0.679466
0.233034
0.000308
0.275307
0.001416
4.142571
1.219876
1.832889
2.706614
0.167387
0.188394
0.034950
0.829514
0.515716
0.088947
0.714741
0.369183
0.867356
0.302354
0.024467
0.241376
4.643315
1.169266
0.575502
0.613003
0.659346
0.485830
0.595048
1.140660
0.100607
0.012979
2.562750
0.263406
0.087599
0.210962
0.381500
0.845100
0.034560
0.064653
0.986093
1.014325
6.114705
0.046049
0.008679
0.291230
0.039247
0.513610
0.625167
1.181452
0.100281
0.477080
0.305771
0.067860
1.342514
0.097489
1.375333
1.390067
0.057881
0.001802
0.583702
0.808383
4.205010
0.135823
0.006655
1.075977
0.085787
0.649161
0.843528
0.236574
0.036091
0.073664
6.456883
4.614529
1.184861
4.369979
0.092883
0.023583
1.090801
0.000643
0.152923
0.799475
0.857328
2.749694
1.730023
0.250304
0.041015
2.896182
3.344081
0.299652
0.048181
1.471743
0.554175
0.245763
0.797442
3.911986
0.428659
1.075943
0.449633
0.043061
2.231927
0.237786
0.354703
0.036641
0.952636
2.939860
3.979509
2.916515
3.157845
0.075109
1.038581
2.008257
0.761792
0.061138
0.925431
0.082742
0.112092
2.912683
0.116323
1.031923
1.419514
1.218829
2.794986
1.015726
0.000243
0.466123
0.006103
3.506626
0.113329
0.192429
1.090910
5.016521
0.907509
1.379652
0.419099
0.026452
0.129283
0.026299
1.392579
0.416883
0.506189
0.590297
0.001230
3.863809
3.662010
0.259949
1.842625
3.238663
0.000178
0.000092
0.107285
0.647225
2.106808
3.182418
1.544067
0.341767
0.285154
0.061625
2.855541
1.422604
0.378925
2.988211
0.216389
0.146636
0.000064
0.079640
0.859789
0.490229
0.097087
1.162661
0.014804
0.199733
0.379627
1.016421
0.048652
0.519099
1.085979
0.730995
0.213803
0.323858
0.156205
3.554870
0.187629
0.031063
1.403843
0.604120
0.547450
0.402782
0.000061
0.000544
0.457256
0.956390
3.150036
0.044670
0.105691
1.268516
2.169505
0.341526
0.004854
0.111112
0.141761
0.452686
1.591259
0.261396
2.486393
0.004631
0.969695
0.333576
1.892164
1.286130
0.005891
1.032911
1.642830
0.795894
0.160689
3.537570
0.289952
0.274861
2.301901
1.226939
0.383405
0.005364
0.051231
0.016439
1.478673
0.018509
0.104300
1.471821
0.089909
0.020679
1.476270
0.964714
0.737310
0.804138
0.048080
0.459847
0.661949
4.454688
0.770360
10.408621
2.275025
0.013950
0.494432
0.109798
0.064816
0.171085
0.018775
0.414496
1.215552
1.546749
2.054042
1.897148
0.013634
1.304283
0.457517
0.261325
2.782601
0.716405
0.016824
0.043921
0.220003
1.904122
1.814313
0.405609
1.642558
0.106376
2.932378
0.027836
3.764527
0.136697
0.220935
0.173537
0.098844
0.282135
0.551999
3.939676
0.254738
4.034960
0.014029
0.002148
0.344313
0.452483
0.031959
1.132506
0.014396
0.400097
0.030841
1.292366
0.552214
0.186594
0.027037
0.010733
1.090975
0.025636
0.024062
0.017624
0.064116
0.128274
0.467243
0.332206
2.515601
2.062606
0.142809
1.771316
0.078994
2.115911
0.117997
0.141869
0.590509
0.561140
0.031724
2.060222
2.557528
1.185375
0.294690
0.391551
0.389229
1.850181
0.948565
0.191431
0.016689
0.438779
0.028924
0.003838
0.008027
0.012262
0.001104
0.009520
2.318977
4.150071
0.500194
0.644864
0.083333
2.145605
0.160591
1.055250
0.000874
0.986407
0.831136
0.000090
3.073662
0.001437
1.201546
0.039655
0.035104
0.788713
0.481041
0.230603
0.355408
0.083221
0.718448
3.078097
3.495799
2.746381
1.123523
0.304906
0.021494
0.557116
0.282496
0.354909
0.469297
1.496953
0.050156
0.577015
0.041382
6.863443
0.698738
0.359774
0.634777
0.667475
0.583774
0.612270
0.672030
0.459869
2.741364
1.989514
0.090068
1.551397
0.155550
0.043314
0.001203
2.267119
0.603978
0.051510
0.112133
0.000946
2.733486
0.038237
0.502071
0.945625
0.778018
0.237051
0.162474
0.025539
0.703088
0.235706
0.149968
0.822865
0.375344
0.375909
0.746328
0.629117
1.110010
0.315489
1.182056
0.936451
0.006690
0.049188
2.105010
1.707785
0.665946
4.993519
0.174708
0.047050
0.000050
0.256783
0.198156
0.977772
3.191878
0.679246
0.057332
0.037256
0.350833
1.085228
3.771910
0.406559
0.225496
3.670227
0.330123
0.288802
0.539842
3.411014
2.105172
2.257454
5.039237
0.317106
0.117679
2.507738
0.165838
0.139184
1.638715
0.089240
0.008883
0.000035
0.093196
2.583746
1.004875
3.464578
0.623503
0.271722
0.060186
0.470515
0.006603
0.147750
0.190278
0.875624
0.223182
0.076220
0.265451
4.145347
0.001906
0.002407
1.275066
2.902396
3.168808
0.034460
0.018214
0.260883
3.102166
1.005591
0.882104
2.269145
0.596272
0.540438
0.009927
3.029370
0.832337
2.203457
2.127023
1.625208
3.073210
0.594000
0.249214
1.359281
0.349103
0.326373
1.373190
0.954596
2.946383
0.837962
0.117330
3.573685
3.034951
2.058709
0.000040
0.020344
2.171451
1.693001
5.476301
0.000098
0.001737
4.375216
0.489985
0.355912
2.132432
0.006795
0.013291
0.655886
1.271780
0.675009
1.242998
0.031669
4.370274
1.043263
3.025934
0.971291
2.485464
0.991275
0.578509
0.013722
0.094907
2.537320
0.683383
0.384302
0.390894
0.157556
3.592889
0.163997
1.792058
0.032452
3.011286
0.001988
1.175072
0.060169
0.001177
0.002533
0.015369
0.455651
1.430927
0.072899
0.571077
0.334456
0.032584
0.905970
0.106621
0.038467
3.522566
0.181277
0.066280
2.027049
1.288473
0.208955
0.027063
3.492968
0.597772
0.060098
1.803690
1.258634
0.091919
0.705081
0.990665
0.313184
0.855144
2.313377
2.736305
3.039712
0.000832
0.180108
0.300074
0.341020
0.657769
1.534212
1.176799
3.561124
0.537707
0.236582
4.231244
0.149870
1.138448
1.403419
0.723388
0.296594
0.029892
0.825821
2.804368
0.828859
0.000183
0.002456
1.215128
0.088976
0.691223
0.019541
0.286499
0.247379
0.127018
1.058896
2.863640
2.102292
0.533414
0.350493
1.760737
2.237932
1.199697
1.423249
0.015158
2.234981
0.907662
0.562124
2.254705
0.056531
0.048348
0.061081
1.279035
3.457812
0.431399
3.506537
0.085623
0.122137
1.309771
1.656893
0.001416
5.344502
0.011673
2.440358
0.272399
1.066564
3.814428
0.150506
0.542231
0.027590
0.056249
0.121061
0.055477
0.000566
0.180763
0.686465
2.419437
0.156281
0.030570
0.295212
0.162946
0.176604
3.861149
0.622181
0.500742
0.000396
3.488303
0.047966
0.678932
0.061272
1.555928
0.079579
0.011691
0.591749
0.004637
0.001837
0.491079
0.839626
4.572370
9.979437
0.208008
0.725017
3.125677
0.493110
1.570606
0.848361
0.146060
0.126873
0.520484
0.682918
0.605907
0.175873
1.000570
2.426447
0.097547
0.682922
0.761041
0.093663
0.446899
1.501176
1.561120
0.019106
1.352847
0.084066
0.271674
0.004704
0.726242
2.226498
0.086992
2.218838
1.107548
3.056477
3.517194
1.078545
0.118500
0.655064
0.010119
1.402042
5.829835
1.376626
0.051485
0.024092
0.438101
0.002336
3.121494
0.241448
0.167764
0.971464
0.065211
0.926683
3.540693
2.288892
0.295769
0.261637
2.481878
3.776707
0.040035
2.546089
0.049597
0.372185
2.399137
1.218566
0.191841
0.002440
0.305417
0.088651
3.053120
0.001971
0.016765
0.127140
0.650955
1.290004
1.269888
0.013750
1.940115
0.505916
0.014578
0.429420
1.350996
0.815916
0.301428
0.609102
1.151220
0.200529
1.799019
1.198449
0.703778
0.693330
0.231095
0.772038
0.918325
2.992330
0.000624
2.743312
1.783498
0.030779
0.273352
3.862692
0.057732
0.972325
0.305770
1.673906
3.595876
0.353385
2.046747
0.015995
0.202430
2.349205
1.126430
0.164961
0.367181
2.046309
0.286583
0.298669
2.025342
0.294099
0.005948
2.214791
0.079201
2.264936
4.366736
0.112139
0.686360
0.083729
0.345139
0.003768
0.448209
1.527279
2.973864
7.990078
3.201726
0.242238
0.241929
0.562256
0.963620
0.090388
1.674306
0.392082
0.969996
6.055244
1.756552
0.008006
0.095765
0.183337
0.587108
0.062382
2.032164
1.979004
2.806443
0.404879
0.931546
4.371126
0.702198
3.698159
0.890325
8.558349
0.002522
1.686614
0.078544
0.118237
1.248310
0.229578
0.075244
0.619271
1.019806
3.023171
0.285701
4.149708
0.027625
0.633469
0.053849
0.001110
0.269938
0.004705
0.111679
0.251910
0.037123
0.569766
0.285728
4.598692
