upload_vol;download_vol
99;100
80;82
96;100
105;104
98;97
97;98
86;90
101;101
105;106
109;104
104;99
93;94
102;102
93;95
90;90
67;74
101;98
106;107
94;91
110;111
91;91
92;93
107;104
96;97
104;103
110;108
102;103
105;104
110;109
100;98
95;95
90;92
104;103
101;102
100;97
110;107
85;91
98;100
105;102
113;111
83;87
106;102
103;99
100;97
97;101
90;96
97;95
102;105
113;111
100;99
85;88
111;112
104;104
97;99
108;106
103;99
116;113
125;118
90;90
102;103
101;104
114;112
104;103
87;91
115;113
95;96
86;88
114;113
106;104
103;101
81;87
108;103
100;99
102;102
92;93
100;97
86;87
87;92
105;104
80;84
99;96
107;104
92;92
84;87
96;95
104;102
114;111
86;87
103;106
94;91
91;92
122;117
111;106
107;106
99;99
92;93
117;116
87;89
109;108
94;95
98;96
80;84
93;95
105;103
105;106
101;102
99;98
92;93
123;123
93;97
126;115
93;96
93;95
94;95
90;94
106;109
86;88
113;110
90;90
102;104
106;105
84;85
90;92
99;96
90;89
108;105
95;99
98;96
79;82
102;97
113;108
100;102
105;102
114;104
82;86
122;119
105;105
101;102
91;90
88;90
104;105
105;103
106;104
91;91
98;102
88;92
102;102
102;99
99;99
113;111
89;92
102;103
108;104
107;105
80;85
121;115
107;105
119;113
100;98
102;100
100;99
92;93
111;109
90;91
98;96
79;85
115;115
93;95
112;108
80;83
93;97
105;106
97;97
113;112
97;98
112;108
121;120
91;88
87;88
92;95
104;106
95;93
95;97
106;104
108;106
99;97
102;101
95;93
112;112
107;104
95;97
101;99
99;99
96;98
99;94
110;106
107;107
108;102
103;99
93;93
102;103
107;105
107;104
99;99
105;104
100;100
116;116
81;84
90;93
85;90
102;99
96;96
101;101
102;101
109;109
88;87
113;118
94;94
111;111
91;94
101;101
103;102
92;95
101;103
102;102
108;106
95;99
90;98
104;102
87;86
99;98
86;89
94;95
108;106
107;107
83;86
94;96
109;105
93;94
82;86
108;108
107;106
93;91
105;102
96;95
92;91
104;102
97;98
94;96
107;106
101;99
89;90
92;92
100;99
89;91
99;102
91;94
98;99
114;112
105;103
115;112
118;117
98;99
103;103
98;94
107;107
116;110
106;105
104;104
103;104
112;110
108;109
78;82
110;105
118;116
97;97
102;98
101;102
94;96
92;94
94;94
94;95
101;101
83;84
104;104
84;87
96;98
109;108
98;98
113;112
109;109
82;85
93;97
106;103
86;87
103;99
95;98
96;99
89;91
118;115
82;83
118;113
92;94
106;108
101;101
108;107
94;92
112;108
107;107
108;107
111;106
107;107
113;108
103;101
108;106
90;96
95;95
83;85
115;112
102;99
112;110
92;94
97;97
115;112
104;102
115;109
104;103
88;89
100;100
91;96
102;104
82;87
107;101
104;101
92;97
112;110
100;101
100;102
104;99
92;95
101;101
101;102
100;101
100;100
99;98
103;103
123;119
94;95
104;104
119;115
100;101
101;104
100;101
101;98
89;91
91;92
105;101
108;109
103;104
124;118
91;93
96;98
108;107
107;105
103;106
79;82
102;98
100;98
114;113
98;99
106;107
109;107
79;86
97;99
95;96
92;94
97;98
111;110
94;93
91;96
98;97
96;97
114;112
97;94
108;108
86;87
96;98
88;90
100;99
108;109
108;108
95;93
108;108
101;99
82;84
118;115
103;102
101;98
83;88
100;98
75;81
101;102
94;99
110;105
92;95
91;93
109;105
102;104
101;103
117;115
119;116
98;99
108;105
97;100
90;93
116;113
96;102
90;91
101;102
96;100
111;113
114;114
89;94
80;87
93;93
103;104
96;98
126;120
112;111
122;119
93;93
85;88
110;112
101;101
107;104
96;98
108;106
99;100
109;106
106;104
86;91
102;100
99;100
93;93
105;106
87;89
94;95
97;97
112;110
105;105
101;101
113;110
93;96
104;103
105;108
114;113
96;96
100;102
109;108
95;96
92;91
109;110
111;109
96;96
79;82
102;100
106;106
100;99
96;99
83;89
87;90
102;106
106;103
94;95
104;103
97;93
86;94
101;101
111;110
94;94
96;99
108;105
96;94
99;100
111;109
87;90
103;98
117;114
88;92
99;97
100;99
105;103
100;99
110;108
105;105
103;102
101;102
101;102
94;95
103;103
86;90
89;92
106;104
97;96
95;96
96;95
104;100
91;92
89;92
90;92
105;106
106;106
110;110
93;95
99;99
104;103
103;101
101;99
99;99
98;97
103;101
90;91
102;105
98;96
105;103
96;97
86;90
62;69
94;98
88;89
94;94
104;103
101;103
109;107
117;116
101;99
108;96
96;99
107;110
94;95
103;105
89;91
86;87
103;100
104;104
99;99
100;95
110;112
112;109
93;93
82;88
89;90
120;115
91;95
90;94
92;95
98;103
104;104
99;99
93;96
96;94
100;101
101;100
103;99
117;114
117;113
96;97
102;99
116;119
104;105
87;89
99;98
115;111
87;89
95;95
97;101
89;90
108;107
89;92
95;93
105;105
110;110
100;102
108;110
111;108
89;89
92;95
106;106
101;99
99;100
116;114
88;88
97;99
106;104
108;106
90;96
96;98
88;89
119;116
105;101
99;99
109;106
120;118
107;104
101;101
106;106
94;93
93;96
91;91
117;116
107;107
92;91
100;101
93;98
99;101
94;95
99;100
102;104
93;97
102;107
94;93
110;105
112;108
101;102
111;107
105;107
117;113
107;107
106;106
114;113
74;80
118;114
106;90
82;87
92;97
111;112
83;90
109;108
86;89
91;95
100;106
106;107
106;106
83;89
105;104
91;96
103;106
113;111
106;104
100;97
104;101
99;103
96;100
91;93
97;96
100;98
91;93
102;102
72;73
105;105
110;108
116;114
84;90
110;111
109;107
82;84
92;93
96;98
96;94
97;99
114;110
120;115
97;95
115;113
88;91
115;113
116;113
98;94
112;111
120;114
105;103
108;108
93;97
97;98
96;95
97;98
94;95
99;95
103;103
95;93
93;94
109;106
107;106
105;102
100;101
98;98
98;95
105;105
91;92
113;111
106;104
107;106
113;109
103;101
84;90
117;112
92;94
87;89
106;104
98;97
90;92
89;93
114;113
87;88
115;110
82;87
96;98
117;114
80;82
103;101
97;96
91;94
97;98
123;118
106;107
101;102
81;84
92;95
101;100
112;112
87;91
113;111
106;106
102;103
106;107
72;78
82;88
113;110
84;89
102;103
91;92
107;106
103;105
90;92
108;107
97;94
121;119
92;92
89;90
97;99
118;114
81;89
97;99
90;93
118;115
100;98
88;88
107;105
99;98
84;90
103;103
84;89
101;102
82;85
94;96
101;100
83;83
100;100
84;89
111;110
102;101
88;91
119;116
94;93
107;106
89;92
112;110
92;94
97;95
86;87
104;105
112;107
97;98
73;79
79;85
100;106
107;107
102;102
92;94
91;88
85;89
110;111
103;102
101;103
121;114
115;113
101;102
106;107
106;106
96;96
91;92
94;95
113;113
92;94
97;95
120;113
100;100
109;108
108;108
104;104
90;89
91;94
106;103
113;111
119;116
103;104
97;99
102;101
91;94
86;92
99;99
116;112
87;90
90;94
79;84
97;99
108;108
102;102
108;103
115;111
111;108
98;97
105;104
117;113
93;92
80;84
101;104
104;102
109;104
101;99
92;94
118;115
95;97
109;105
97;96
99;101
107;108
96;97
94;95
81;86
95;96
115;111
98;97
96;99
106;105
113;108
104;103
95;98
87;91
99;104
86;88
97;100
105;104
79;87
96;97
109;104
79;80
96;98
88;92
115;111
89;90
110;106
92;92
94;95
105;107
95;92
113;112
105;101
88;90
90;91
113;108
101;101
106;104
103;102
102;101
98;103
89;90
104;105
109;113
86;88
108;105
96;95
120;120
114;110
112;111
82;88
103;101
97;98
94;92
79;81
100;98
87;88
122;118
110;106
87;86
99;103
113;114
93;93
101;104
113;111
97;95
103;103
101;101
94;94
98;98
113;111
95;97
98;98
115;113
90;92
103;100
97;98
104;106
96;99
107;106
93;95
104;104
103;101
102;102
99;100
92;92
105;103
90;96
110;106
107;106
87;88
95;94
101;101
112;110
99;101
113;114
99;98
110;109
109;108
89;94
96;95
100;99
94;93
101;102
94;95
96;97
99;99
102;104
105;109
107;107
91;92
95;96
99;103
89;96
105;106
120;121
111;107
100;100
96;98
101;101
88;93
100;99
98;100
88;90
99;97
102;101
113;111
101;103
95;97
115;109
87;89
113;108
102;105
89;90
80;85
99;98
107;110
93;95
106;106
97;96
91;92
85;89
111;109
94;93
104;101
108;108
102;96
101;101
98;94
88;88
105;104
107;103
87;89
108;103
98;101
98;100
99;96
102;107
95;96
97;98
116;113
109;109
77;78
86;88
115;110
87;89
100;101
104;103
99;99
89;89
94;93
98;101
87;89
109;105
89;93
92;93
103;103
103;103
92;93
95;95
114;108
88;90
112;110
84;87
110;108
107;106
102;103
101;99
111;108
94;95
106;105
97;99
107;104
96;96
93;96
75;77
112;111
106;105
120;117
88;90
113;109
92;95
111;110
96;98
105;107
116;113
89;93
110;109
106;105
95;96
97;96
85;86
100;102
109;106
123;119
104;104
122;118
94;100
97;95
97;99
89;92
102;102
102;103
100;100
110;106
108;106
109;109
108;105
105;104
104;105
119;116
100;98
120;119
94;94
107;106
88;95
108;105
106;102
96;95
104;105
95;94
98;101
95;98
82;82
104;101
97;99
95;97
108;108
99;98
92;93
121;119
112;111
126;120
87;89
93;92
109;109
91;90
82;90
111;105
101;98
88;87
113;112
101;100
99;98
95;96
98;100
117;114
93;95
97;99
96;97
115;111
113;111
106;104
118;113
100;100
82;89
91;94
123;120
92;95
114;109
117;114
97;101
80;85
100;100
112;108
91;93
111;108
100;101
98;102
111;112
98;100
108;102
94;94
97;96
99;98
99;101
109;109
92;96
87;84
93;95
107;91
106;106
91;90
100;101
103;98
92;94
79;80
113;109
112;108
99;99
99;103
85;88
103;100
108;106
76;81
99;98
85;87
92;93
103;105
105;102
104;105
95;98
114;110
94;93
88;89
104;102
97;97
96;93
107;106
99;99
92;95
101;102
97;98
96;98
95;93
90;91
115;112
114;110
106;105
102;106
108;106
105;103
107;104
101;100
90;95
89;90
119;113
111;106
100;97
105;100
90;91
104;104
71;73
90;93
102;102
104;106
110;108
75;79
97;96
108;107
105;105
112;113
103;101
114;113
122;121
107;110
102;101
103;101
102;103
100;97
98;97
74;79
85;89
90;92
89;92
95;97
112;104
100;99
116;114
127;122
109;111
91;93
107;106
114;110
103;104
95;94
101;100
96;100
83;85
114;112
109;109
101;100
105;103
101;99
79;83
109;108
122;117
107;108
115;110
107;105
101;104
104;105
124;122
91;92
112;109
97;97
111;107
88;86
115;112
108;107
114;112
84;87
101;102
105;104
103;105
114;113
103;102
105;104
115;113
86;89
96;105
84;87
85;90
103;105
103;103
105;106
99;99
97;95
107;106
96;96
97;96
95;98
92;91
110;105
89;90
110;109
98;98
104;100
73;74
107;107
98;97
98;98
94;94
108;109
89;90
74;76
105;102
105;104
97;96
107;107
107;106
107;100
113;114
108;106
114;109
113;110
97;95
100;102
92;89
104;105
90;91
89;90
107;106
94;91
116;111
104;105
104;106
104;103
103;104
106;105
97;100
103;102
84;85
82;87
101;99
107;110
99;97
117;115
100;99
111;112
104;104
102;98
96;98
107;104
111;104
114;108
89;90
88;90
103;101
107;105
101;99
74;79
91;93
137;129
90;93
88;87
104;103
106;106
92;97
91;94
119;115
100;100
121;114
95;94
90;94
118;118
108;105
117;114
91;95
94;95
86;89
88;91
109;105
104;103
117;112
93;95
104;105
80;82
113;111
108;110
101;98
109;108
98;100
119;112
99;98
102;104
100;100
101;99
102;105
103;104
103;102
101;100
95;93
95;96
87;86
102;105
91;92
89;94
87;90
98;95
90;91
96;102
99;102
107;105
109;105
93;95
99;97
72;79
92;93
93;94
95;97
101;101
101;101
103;106
84;83
107;109
101;100
102;105
107;109
104;105
106;103
90;90
110;109
111;107
84;88
94;95
107;104
105;106
106;104
110;112
114;109
101;101
105;105
95;96
126;120
105;103
99;98
102;102
102;100
92;93
111;108
105;103
119;112
93;95
104;102
98;98
98;101
94;91
111;109
106;104
94;98
113;112
96;99
85;87
103;104
100;101
93;92
104;98
110;107
103;104
116;113
89;89
106;106
94;93
91;92
92;94
111;110
101;102
84;89
98;98
91;93
96;95
98;102
104;104
97;97
92;95
109;106
95;96
86;91
101;103
99;100
95;97
96;97
111;106
102;102
96;91
102;99
110;109
113;105
108;105
96;98
101;100
99;99
102;100
94;95
115;116
107;105
94;95
96;108
79;84
82;86
112;107
91;92
104;104
107;104
101;99
96;96
103;104
85;85
89;86
93;92
106;106
90;90
91;94
104;103
129;121
92;95
121;116
95;96
97;99
98;100
89;93
103;104
108;103
112;111
108;108
88;94
86;91
100;100
99;100
101;101
95;95
87;89
101;94
87;85
84;87
100;95
97;96
105;103
100;98
102;103
93;90
118;116
71;77
114;114
106;103
112;110
100;97
94;97
92;95
82;88
119;117
86;89
100;101
95;98
100;100
103;104
101;101
126;122
110;106
85;88
109;107
94;94
75;77
112;111
113;108
92;91
109;109
90;89
100;100
99;99
101;103
73;79
108;105
108;106
104;102
106;106
103;103
102;103
115;111
107;108
108;104
99;101
96;99
103;96
101;102
103;100
92;93
111;109
108;107
110;110
102;100
82;82
104;103
91;92
102;98
97;97
109;108
113;111
113;112
93;94
104;105
109;110
99;99
109;109
90;95
100;99
109;103
99;97
95;97
114;112
93;97
99;103
95;94
97;95
97;95
109;107
96;97
111;109
114;113
109;107
110;107
102;100
83;85
90;92
94;96
87;86
90;94
102;101
98;98
109;110
90;95
110;108
99;100
110;110
85;87
105;99
95;97
103;101
99;103
113;111
92;95
104;105
103;105
99;101
97;97
100;104
106;103
105;105
103;104
88;90
114;108
104;100
97;97
105;102
104;102
111;108
94;96
104;102
96;96
91;91
90;94
107;106
100;100
105;101
96;99
106;106
109;109
108;107
99;100
83;87
94;96
102;100
106;106
100;99
95;95
90;92
111;110
102;102
99;99
103;100
124;119
103;102
113;115
89;93
83;83
90;96
100;96
124;119
110;108
97;99
79;82
91;93
97;101
96;97
95;101
88;91
100;99
110;105
88;88
95;95
94;93
92;92
109;107
92;94
105;100
105;102
101;102
98;99
109;103
91;97
94;94
100;100
110;106
104;105
83;85
98;99
100;102
97;97
90;91
100;100
98;99
103;100
102;101
86;88
112;109
100;101
85;88
123;116
88;91
108;104
88;88
118;116
89;93
83;83
105;107
113;110
105;105
109;108
96;95
97;96
101;103
86;85
93;96
127;123
84;89
99;103
103;101
106;107
118;112
91;90
87;91
100;100
99;99
102;101
96;99
99;99
88;91
102;102
112;108
108;108
93;96
88;88
117;114
98;97
96;95
89;93
102;102
102;106
108;106
94;95
100;101
104;104
105;105
100;99
84;85
102;104
94;96
102;101
104;102
92;91
105;103
92;93
112;112
123;117
102;99
100;99
104;105
106;102
103;103
115;110
98;99
100;98
113;110
104;100
95;96
102;100
104;104
120;118
95;96
109;108
108;105
107;103
109;108
111;111
86;91
98;95
127;121
96;96
106;106
97;95
96;97
104;103
93;97
108;106
104;103
99;97
108;108
100;101
100;102
93;94
108;105
88;94
104;105
100;98
101;101
115;109
98;102
116;107
96;95
104;101
90;92
95;96
111;109
83;84
100;99
111;108
85;111
101;98
85;86
107;104
108;107
90;91
101;100
96;99
126;119
97;96
95;93
95;98
95;96
104;100
88;95
88;91
93;95
107;97
95;96
95;101
97;98
100;99
81;85
107;108
114;110
108;108
98;99
90;92
90;93
111;108
99;98
109;107
93;95
106;104
106;105
96;98
79;80
114;110
97;100
117;116
124;120
111;110
95;97
115;114
96;95
100;99
114;109
92;92
104;104
110;111
112;90
85;85
92;93
116;112
97;102
101;105
109;105
101;100
89;94
97;96
106;104
98;97
85;86
125;118
100;99
88;88
107;106
118;113
116;111
102;100
103;102
105;100
98;98
124;117
115;114
103;103
89;91
90;91
97;95
98;100
92;95
91;95
89;93
75;76
98;99
102;102
90;94
96;97
83;87
112;107
102;100
79;80
89;91
118;114
106;103
112;110
104;101
97;95
103;103
104;105
107;104
90;97
86;88
113;111
117;112
97;99
84;89
99;102
113;109
99;98
95;94
81;83
112;112
94;94
112;114
94;99
110;109
110;110
103;102
102;104
101;100
99;100
90;93
85;85
97;97
92;93
112;111
92;95
101;102
104;104
105;107
91;91
84;87
85;90
112;109
83;88
101;101
99;98
104;103
103;103
92;93
104;104
90;92
103;101
97;96
112;109
101;102
94;98
106;105
111;109
88;93
105;105
110;107
107;104
109;107
87;94
106;103
84;87
113;111
123;116
116;113
95;96
107;104
112;107
92;97
107;106
113;109
111;109
107;106
112;111
112;112
97;99
99;100
97;102
106;107
102;102
101;103
117;112
99;97
109;108
97;95
127;120
97;98
117;113
89;91
89;88
115;112
93;96
97;95
116;112
100;101
107;102
91;95
90;88
88;90
90;92
96;96
94;97
95;94
93;96
86;89
105;104
87;87
108;105
118;119
113;109
97;98
99;96
82;84
96;98
117;114
109;108
110;111
96;95
94;96
88;91
103;105
105;107
89;93
89;91
99;100
92;95
94;98
102;105
103;108
94;97
111;111
102;100
102;100
103;102
86;92
80;85
101;102
105;107
110;108
92;93
95;97
109;108
107;104
104;105
114;109
98;96
117;112
93;93
111;110
112;110
104;105
100;101
100;103
105;107
103;104
101;102
86;91
118;115
111;113
96;98
99;98
93;93
115;112
102;103
89;91
113;110
108;105
103;102
91;90
111;106
114;113
92;94
112;110
101;100
102;104
92;97
107;104
81;86
94;96
103;99
103;103
83;86
114;110
98;98
112;110
118;110
110;110
100;99
104;103
95;98
91;95
102;102
93;92
100;97
117;116
108;104
78;77
103;101
105;105
92;91
111;107
107;105
115;113
102;101
103;103
111;109
118;117
110;111
105;105
94;95
92;93
92;95
102;103
101;99
95;99
109;107
106;102
111;111
115;112
101;104
97;97
108;104
105;102
92;92
96;98
114;109
118;115
93;94
91;94
107;103
102;100
88;90
86;88
97;97
103;87
105;105
107;106
92;91
121;119
103;101
91;89
100;98
102;101
88;91
98;99
100;103
107;104
90;90
94;94
109;107
100;99
98;99
125;98
112;111
105;104
91;96
98;96
99;95
88;91
119;115
107;105
102;101
107;103
88;94
102;104
98;98
95;95
102;98
103;100
106;106
93;93
108;105
97;100
95;95
95;95
116;112
109;107
96;103
114;107
85;88
97;95
99;98
106;105
98;95
87;93
102;101
106;104
91;93
101;99
97;95
101;101
116;114
104;106
100;96
101;100
111;109
102;104
98;98
90;91
96;97
107;106
98;96
103;106
117;116
99;101
89;91
92;93
98;102
99;97
83;88
97;98
90;90
85;91
125;123
83;88
85;91
95;94
103;101
97;98
86;90
100;99
107;106
86;89
114;113
113;111
99;100
84;89
104;110
105;103
99;101
112;107
103;99
88;92
112;113
96;102
95;92
102;105
99;100
109;108
105;104
93;93
84;84
82;87
116;116
100;101
108;107
112;109
89;90
94;100
98;98
90;92
98;101
107;104
101;100
109;105
98;97
116;114
115;110
92;94
91;95
92;92
89;88
101;100
95;98
114;112
118;114
108;106
103;103
107;106
114;111
112;108
79;85
99;94
96;96
96;93
107;108
109;109
100;100
103;100
100;106
108;107
102;104
89;88
97;99
89;94
96;96
88;91
91;92
94;95
97;99
92;95
100;106
91;92
125;116
101;101
97;97
103;100
123;124
103;102
86;89
91;93
109;109
95;95
102;100
97;97
88;90
109;107
100;101
96;101
98;99
101;102
115;113
82;82
96;100
112;107
105;101
81;81
108;103
107;105
117;115
100;103
91;95
104;106
105;104
94;96
84;87
103;101
89;91
102;100
94;97
94;92
97;99
92;92
89;90
103;99
89;93
114;113
106;103
101;99
118;115
93;95
102;105
105;102
129;122
97;97
110;110
112;110
88;92
108;105
113;110
105;105
102;106
101;100
99;102
91;92
102;105
111;107
106;105
100;100
102;102
93;96
107;105
104;103
102;99
123;115
103;105
121;117
97;100
123;117
98;100
84;90
99;98
112;110
106;102
81;84
100;100
90;91
95;99
101;102
105;103
95;97
101;101
92;90
86;89
91;91
114;110
85;88
103;101
94;97
95;93
88;89
89;95
113;111
90;92
107;106
91;96
92;89
88;91
91;87
103;106
108;108
88;94
97;99
102;101
102;102
78;81
87;91
123;121
106;104
83;87
107;105
110;110
108;110
78;82
97;100
91;93
90;91
91;92
101;101
101;100
102;100
89;93
109;106
86;92
98;98
94;95
117;114
114;112
95;94
123;117
87;89
110;111
107;105
102;104
104;101
111;112
116;114
98;102
103;103
99;100
87;87
105;107
105;108
95;95
92;91
102;101
97;97
104;103
97;97
92;94
104;103
88;89
100;96
105;103
98;99
106;105
88;88
85;84
94;95
86;91
96;94
96;98
104;106
97;100
107;106
89;87
105;101
99;98
96;98
94;97
126;123
101;100
94;98
90;94
118;113
101;103
100;99
90;87
120;115
87;85
102;102
83;86
102;104
88;88
93;93
104;104
97;99
102;103
102;99
106;104
93;94
87;92
104;106
114;112
103;102
101;103
97;100
117;115
95;95
91;90
88;90
106;102
113;108
98;96
101;98
92;92
80;87
90;88
83;90
112;110
93;93
87;87
90;91
97;99
100;100
114;111
96;96
99;95
94;95
92;114
101;99
119;114
82;85
109;107
109;106
91;91
122;119
120;119
112;110
92;95
102;100
86;87
89;93
85;90
92;93
93;94
107;108
105;102
93;95
110;108
94;93
106;106
113;112
99;97
113;111
88;92
96;101
98;98
95;99
105;104
89;91
86;86
105;102
98;98
93;91
97;96
106;104
107;105
87;90
102;99
88;94
107;108
104;106
102;103
86;87
105;102
111;109
84;86
105;103
112;108
106;102
101;103
108;107
109;107
92;93
96;94
90;87
88;92
99;102
96;96
98;102
107;105
100;101
112;113
97;100
113;108
113;109
114;106
83;82
101;100
101;97
100;101
109;109
80;83
88;90
100;103
114;116
102;100
99;104
86;89
112;109
99;99
98;93
107;102
99;96
103;103
92;93
110;107
109;110
103;102
97;98
108;109
91;93
93;97
91;94
108;105
96;97
108;102
109;106
105;104
97;98
114;110
93;92
98;99
109;108
107;105
93;92
114;110
92;96
133;128
102;106
89;92
100;103
116;112
93;96
88;93
115;114
105;106
96;98
105;106
105;105
100;100
82;88
114;107
100;98
106;116
107;107
121;118
94;96
93;93
124;117
105;101
100;103
89;91
96;97
106;104
93;94
103;99
103;100
114;113
100;102
97;98
115;111
109;106
103;103
90;90
95;95
107;106
92;91
108;108
102;100
96;95
107;105
103;101
82;87
96;96
103;102
107;106
82;84
106;105
99;98
92;98
87;90
86;86
92;94
102;100
101;99
105;102
93;93
106;103
102;102
91;95
92;93
104;105
92;92
88;88
101;102
94;94
86;88
101;100
87;90
102;102
96;96
102;101
94;96
99;99
103;104
89;86
116;113
109;108
98;101
105;102
93;94
89;94
103;99
105;99
108;106
100;96
106;101
108;109
104;107
96;97
113;110
87;88
104;105
93;96
88;92
103;102
95;93
98;99
109;109
96;97
92;97
93;94
105;107
94;96
105;102
102;100
85;87
104;105
126;120
95;95
104;102
107;105
116;109
94;96
90;95
91;92
99;99
112;110
95;95
95;97
83;89
100;101
94;94
116;109
114;111
90;91
110;109
117;111
88;87
116;110
101;99
91;90
90;94
110;109
105;103
118;114
88;89
96;86
102;101
110;108
105;105
84;85
98;100
102;101
102;102
91;94
82;88
127;121
94;92
101;99
87;87
95;97
117;114
107;103
107;99
88;88
97;99
103;104
106;102
106;105
108;109
107;106
105;106
102;103
93;96
118;116
102;103
102;101
116;113
108;109
93;92
107;106
99;98
83;92
97;97
107;107
97;101
99;100
102;101
87;90
114;114
84;89
115;110
106;103
95;98
114;108
87;93
106;101
96;98
108;107
98;100
91;94
101;101
104;103
107;104
108;105
95;96
98;97
93;94
105;106
100;100
96;98
102;101
112;107
100;100
105;104
98;96
100;98
97;100
97;97
94;95
107;105
101;103
87;88
98;101
100;99
111;110
113;110
98;95
102;101
87;89
95;95
99;101
88;91
111;108
97;96
104;105
107;104
106;107
100;98
79;82
109;106
91;94
100;99
84;91
97;99
98;95
105;108
109;107
103;101
102;100
98;99
105;103
91;92
102;102
82;84
125;119
83;87
103;105
95;96
93;96
106;104
95;97
85;87
97;97
95;94
118;119
95;97
76;81
88;90
110;105
94;95
115;115
97;98
107;107
109;107
110;109
101;99
105;105
83;86
92;90
86;93
89;92
109;111
106;104
92;95
94;95
90;95
97;101
104;107
95;100
85;89
106;102
102;104
89;93
119;117
114;109
111;108
96;100
93;91
103;114
114;113
104;106
86;84
102;103
95;96
100;99
105;104
124;115
98;101
99;100
114;111
101;102
90;97
96;97
113;108
128;123
89;90
112;111
93;97
92;91
105;104
96;97
105;107
113;110
86;90
96;98
101;103
103;103
101;101
102;102
94;96
113;114
88;86
107;104
88;88
103;101
114;113
107;106
91;96
107;103
104;101
109;108
96;97
98;98
105;104
86;92
105;102
106;104
104;104
99;104
105;105
107;103
107;106
100;103
98;100
127;120
78;81
102;98
92;89
80;84
116;111
103;101
108;108
103;107
101;104
96;99
111;108
84;86
102;98
109;108
99;99
105;103
83;88
100;98
115;90
111;110
110;107
92;94
107;105
106;107
92;95
106;104
81;82
98;100
90;92
90;89
98;99
105;108
106;107
108;108
101;103
81;90
76;82
107;106
91;95
107;105
101;99
106;103
117;110
94;93
100;98
110;108
78;83
90;91
99;98
89;93
112;109
85;88
99;96
115;115
99;97
100;97
94;92
111;106
113;110
94;95
87;87
117;114
106;104
108;108
100;101
93;91
82;88
81;84
103;99
97;97
111;108
101;102
88;93
89;92
87;88
109;108
90;94
113;108
99;99
122;117
93;94
118;114
107;106
84;89
111;111
99;100
104;101
107;105
100;101
110;108
95;98
91;92
109;108
88;89
103;101
99;102
87;93
103;107
106;104
105;102
97;95
89;89
93;96
115;113
97;96
100;98
80;85
103;100
99;100
91;90
102;101
96;99
106;104
101;100
99;104
105;105
95;94
106;108
94;95
82;83
96;98
101;100
80;84
110;110
105;104
116;113
102;101
127;120
103;103
109;106
97;99
108;109
105;101
98;99
113;110
102;101
108;104
91;94
96;95
93;95
102;100
91;93
118;113
101;100
101;100
100;98
92;92
100;101
98;96
104;101
108;108
97;97
109;111
80;86
98;98
93;96
102;98
103;101
83;88
106;102
94;96
109;105
107;108
98;99
92;94
84;88
87;93
91;91
96;100
102;103
100;102
95;95
100;101
86;90
104;99
88;92
87;87
109;110
117;113
95;96
107;105
105;99
97;100
96;97
97;96
94;95
97;99
96;92
98;95
81;84
99;97
96;101
100;99
90;91
97;98
102;105
101;97
98;98
97;98
102;98
67;75
78;85
92;96
108;107
95;96
107;108
99;99
96;99
99;100
100;100
104;107
102;101
103;102
86;88
105;106
92;94
124;120
111;108
102;105
97;100
104;105
95;97
88;93
92;94
100;101
98;99
104;103
101;102
104;103
99;100
97;98
96;99
89;91
96;97
102;100
117;114
99;100
103;101
96;93
105;103
115;111
112;113
99;100
107;102
96;98
95;98
113;109
101;101
91;92
107;104
111;103
100;101
99;98
91;96
101;102
97;95
109;103
100;99
100;100
94;93
97;100
97;98
108;106
100;98
80;84
91;92
95;97
94;94
95;97
115;112
99;96
92;96
99;99
115;108
89;91
104;102
95;95
84;87
104;103
109;105
106;107
95;99
101;98
94;97
116;115
89;93
84;88
95;98
108;106
102;103
95;98
94;93
105;105
100;103
87;91
93;96
97;97
134;124
103;102
91;91
104;106
105;106
106;106
97;95
96;97
90;86
97;96
107;105
92;94
92;95
109;109
102;99
97;96
94;96
105;105
98;98
102;101
105;102
97;97
109;107
109;107
99;94
98;98
104;105
96;100
113;112
89;92
109;111
108;107
114;111
83;85
98;95
97;96
97;97
103;101
100;104
104;101
81;87
109;108
89;93
92;95
101;101
95;95
96;101
91;93
114;109
83;85
104;104
104;105
102;102
95;93
87;94
107;111
105;107
113;112
99;100
102;102
92;92
106;107
91;95
100;100
86;90
97;101
108;106
111;108
99;97
118;112
90;93
89;88
106;104
91;94
114;110
93;94
109;109
101;103
94;91
106;106
110;108
91;94
98;100
97;98
111;107
117;111
95;95
101;102
85;87
97;98
98;103
106;110
124;121
89;91
106;107
97;96
110;111
90;95
106;104
94;96
117;116
116;93
89;92
114;111
109;90
117;112
96;94
96;95
108;107
106;106
98;102
105;100
94;92
104;105
100;99
76;81
84;84
102;110
86;90
95;97
93;97
102;101
105;104
103;103
96;99
85;84
118;113
101;97
85;88
94;95
106;106
87;92
103;105
106;105
99;97
115;112
125;119
107;104
103;103
107;108
87;89
108;109
87;88
97;98
100;101
107;103
77;81
101;103
107;105
91;92
82;87
98;95
85;91
112;107
100;98
99;94
100;99
101;101
110;107
107;110
103;101
102;101
109;107
104;106
89;92
102;100
87;92
87;92
111;112
95;98
120;116
104;103
99;100
78;77
104;106
93;94
93;89
98;97
84;84
85;88
99;101
73;77
89;88
96;89
113;107
113;111
66;73
107;107
113;109
103;106
122;119
96;98
103;102
96;94
98;98
104;103
94;99
104;104
106;104
94;95
103;102
96;96
113;115
80;81
123;119
99;99
80;85
96;97
106;100
83;87
94;97
113;114
103;102
98;95
101;99
97;99
76;83
100;98
97;99
109;104
95;97
87;90
93;89
87;88
102;106
97;99
107;107
87;89
91;96
103;102
118;114
97;94
121;117
105;107
98;103
84;89
104;101
120;116
110;109
100;100
111;113
89;89
92;92
101;99
78;82
105;102
87;90
115;114
107;109
113;111
83;87
120;119
101;100
105;107
92;93
97;98
103;99
95;96
92;93
93;95
94;92
101;100
116;113
83;89
111;108
99;102
119;114
92;95
104;102
87;90
94;97
100;99
102;101
62;68
109;109
84;88
111;111
107;108
102;99
104;103
110;109
96;98
104;102
122;117
101;100
104;106
105;103
108;104
95;99
89;90
118;111
127;105
91;92
93;96
87;87
96;97
109;107
103;104
117;112
105;100
106;108
97;96
96;98
90;93
82;85
114;112
104;102
98;96
92;92
100;99
99;99
112;109
91;95
95;101
101;99
104;103
118;112
105;105
119;115
121;116
94;92
87;87
103;101
92;94
93;90
115;116
92;95
80;82
100;98
115;111
98;96
106;104
99;100
87;92
98;98
87;88
83;89
104;104
101;99
93;93
107;108
95;98
111;109
82;82
114;109
92;96
94;97
124;120
103;103
88;88
94;98
101;105
94;97
87;91
104;104
90;90
103;101
101;100
99;95
115;113
94;95
100;102
109;105
98;99
112;111
112;112
102;102
108;101
95;94
89;88
88;93
98;96
96;97
99;101
117;113
102;105
115;108
76;81
93;95
103;103
114;111
97;97
117;112
110;108
100;100
123;119
93;94
117;114
104;104
114;108
101;103
96;96
120;118
103;104
97;96
77;86
95;98
113;112
95;92
86;86
92;96
97;99
115;110
91;91
104;101
98;100
102;104
98;99
97;97
96;95
107;106
120;115
86;92
91;92
94;98
97;95
97;102
106;106
95;95
101;101
109;105
99;99
100;105
95;99
115;112
107;105
93;93
98;99
105;100
105;105
106;104
101;101
117;113
97;101
109;110
98;97
84;88
103;105
106;104
87;86
111;110
98;96
109;108
92;95
74;80
108;107
103;102
88;90
101;99
96;97
101;101
95;93
97;99
94;97
107;102
105;103
102;104
92;89
109;106
103;101
106;106
105;107
92;93
90;90
95;92
111;111
103;104
101;103
90;89
98;96
108;111
88;89
106;106
100;98
120;115
105;104
91;96
103;103
120;117
92;112
89;90
107;104
101;103
94;90
113;113
99;100
101;103
89;93
99;100
98;100
104;103
111;107
104;104
100;99
100;99
105;105
91;90
91;93
111;112
97;101
90;90
98;99
99;104
105;101
97;98
114;113
107;107
102;102
88;90
103;102
102;100
93;96
94;97
87;88
93;95
90;91
110;110
113;109
92;94
90;90
86;86
101;99
93;97
119;114
97;97
99;99
107;104
105;107
85;86
108;104
103;102
112;107
107;105
114;111
92;93
95;94
101;100
111;110
111;111
114;113
109;107
104;104
110;107
99;98
116;116
94;98
104;105
91;94
75;78
102;101
90;93
89;92
92;93
95;96
103;104
73;77
110;109
100;99
80;85
107;106
91;92
116;111
113;108
97;95
106;106
102;106
100;100
110;104
91;95
107;104
114;110
108;110
99;98
97;102
100;96
105;106
115;110
104;102
103;105
99;100
96;93
101;102
81;88
109;105
100;102
95;98
79;84
108;107
113;112
102;104
91;90
108;110
99;95
105;108
124;119
98;102
116;111
97;97
129;122
89;91
101;98
104;104
83;85
92;92
120;114
102;103
113;110
121;116
109;104
110;106
86;92
101;100
104;101
109;109
89;91
97;96
102;102
100;101
94;96
103;102
106;109
92;91
125;120
115;113
103;103
108;106
95;96
80;81
89;92
97;100
117;114
97;99
90;94
112;108
85;88
98;100
102;101
104;101
108;106
95;93
112;108
101;100
96;96
113;115
83;87
103;104
117;118
101;96
106;104
95;96
91;96
100;100
105;104
112;108
100;101
91;92
91;97
103;101
93;95
129;124
102;104
97;99
115;111
90;92
88;104
104;105
93;94
112;113
97;99
97;98
102;100
95;100
99;99
99;98
109;106
106;104
97;94
95;95
96;90
88;92
101;100
79;81
114;113
106;106
95;98
94;96
105;105
106;107
96;97
106;107
102;100
104;101
101;100
93;92
103;103
101;101
113;110
97;98
103;103
97;99
92;91
105;103
116;114
117;113
94;97
104;101
92;97
97;99
102;102
95;94
103;103
103;104
87;89
100;100
99;101
110;109
112;111
95;98
98;95
107;106
99;97
107;106
109;104
106;105
91;91
110;110
127;119
95;95
101;99
109;109
79;83
103;100
104;103
94;97
93;93
89;91
106;107
105;102
93;94
96;98
116;117
111;106
109;107
119;115
94;96
102;101
106;108
80;84
100;100
96;96
114;111
93;95
104;103
103;104
82;85
119;113
100;97
83;87
79;81
122;115
85;88
91;92
87;91
101;100
109;110
95;95
97;95
112;112
99;100
103;104
85;89
97;93
102;101
103;100
98;107
97;96
101;98
92;95
101;101
119;113
91;90
90;91
90;90
116;113
99;98
111;108
102;103
86;85
86;97
81;83
93;94
114;108
107;107
108;101
100;98
117;114
97;97
103;102
110;106
98;98
102;102
90;94
88;90
109;108
113;111
79;84
114;114
91;93
93;91
103;103
107;106
99;101
98;97
103;104
103;99
96;95
102;103
103;104
123;117
96;94
94;97
103;103
97;99
101;103
112;110
107;109
93;95
97;96
97;96
92;97
102;101
104;98
103;105
111;108
100;104
102;99
68;71
104;104
108;107
101;100
98;94
88;91
95;96
97;98
110;112
125;118
102;100
102;98
96;97
105;108
93;95
90;94
99;102
102;104
113;112
114;108
95;96
103;105
126;121
112;106
106;104
93;92
105;104
90;89
83;87
122;119
92;94
83;86
84;88
95;93
106;106
99;97
97;96
120;119
107;102
109;107
73;80
88;90
107;105
118;115
92;92
100;105
102;102
114;113
94;97
103;103
122;119
106;103
96;96
103;104
95;97
101;101
91;92
103;105
109;104
108;107
93;88
97;93
103;104
92;89
91;93
91;89
92;91
112;113
104;102
104;103
106;105
96;99
110;108
110;111
110;113
79;87
118;116
97;96
107;106
102;106
105;104
100;100
110;111
114;111
97;95
111;110
83;87
108;107
109;109
98;97
105;108
97;100
111;107
99;95
81;85
104;104
86;89
91;92
102;99
125;119
104;104
86;89
101;103
97;97
97;98
104;104
104;99
97;100
95;100
95;96
105;104
106;104
131;125
105;104
103;103
90;91
102;102
88;86
118;115
107;106
95;94
113;110
108;107
82;85
119;115
113;108
96;97
100;102
118;113
83;88
95;96
101;101
101;101
73;78
82;82
110;106
113;108
93;94
90;92
86;89
87;91
106;102
68;76
96;98
100;99
111;110
100;99
102;98
104;103
112;110
98;100
93;93
90;95
90;87
102;98
102;100
92;93
99;98
107;101
100;95
102;101
100;100
107;102
100;103
116;116
99;101
113;110
109;106
76;86
84;86
88;95
82;87
97;98
116;115
92;95
132;128
112;105
99;97
89;94
94;96
90;93
84;89
106;107
104;103
92;94
103;101
96;98
86;88
93;95
93;95
118;115
97;96
108;106
106;110
95;96
100;99
90;94
104;105
87;91
100;99
110;105
81;84
99;100
107;104
103;99
90;94
105;102
115;111
99;97
102;102
109;110
82;85
106;107
102;105
97;96
91;96
80;83
103;104
95;92
107;104
107;106
103;102
104;106
112;107
102;101
103;107
102;101
105;106
111;106
107;102
102;102
103;102
110;107
119;118
89;92
102;99
103;100
108;107
103;102
113;112
96;93
103;100
114;113
104;106
100;101
104;103
117;114
96;101
107;108
104;102
103;105
110;110
108;105
92;90
110;107
100;101
102;105
103;103
91;94
107;107
112;113
105;104
93;94
108;108
104;106
107;105
108;105
88;91
91;92
97;98
92;96
106;104
92;94
97;100
91;92
103;101
101;103
99;98
99;101
91;92
90;92
121;115
104;103
121;117
95;96
79;83
80;84
97;99
96;97
98;99
100;98
96;98
102;102
97;97
108;106
79;87
97;99
101;111
102;105
103;102
116;112
96;96
94;95
113;112
112;110
97;98
101;102
95;97
113;109
90;91
118;114
80;85
93;95
112;112
88;91
92;96
97;97
98;96
131;127
102;100
119;111
109;106
93;96
106;103
101;101
96;95
90;95
105;105
90;93
86;89
85;86
112;110
92;89
100;99
87;90
87;88
102;102
91;91
103;100
92;95
96;99
89;86
87;92
111;112
108;107
79;84
109;108
117;107
108;105
111;107
92;94
103;100
91;91
95;95
94;97
104;101
116;113
101;102
100;102
102;101
94;98
119;113
86;89
94;95
107;107
93;96
86;91
86;90
108;110
107;105
93;96
100;98
103;100
109;108
113;115
107;105
117;115
96;99
102;102
106;105
94;97
98;97
101;100
83;84
109;104
95;98
86;91
108;103
105;104
116;113
89;92
107;108
109;112
102;99
92;91
103;101
104;102
99;96
85;97
97;96
107;100
97;96
100;101
92;97
113;110
102;99
105;101
112;106
81;84
118;112
103;105
107;110
101;99
116;113
104;102
112;109
102;102
109;105
105;100
124;118
104;105
115;111
103;100
91;92
85;85
103;101
93;94
84;90
101;102
96;97
102;99
87;88
90;91
99;102
112;109
115;109
105;104
108;103
96;97
111;111
96;95
106;106
94;95
104;103
109;106
103;103
105;102
105;102
97;98
77;79
96;99
96;96
101;102
96;95
111;106
105;108
106;104
94;93
78;81
109;108
94;94
106;105
101;101
112;111
95;98
77;82
81;84
117;113
99;102
112;111
90;92
97;98
92;94
104;106
112;109
97;98
98;98
104;105
92;95
98;95
120;116
96;99
92;95
109;107
90;93
116;113
105;104
104;105
104;104
99;97
101;102
97;98
95;99
104;102
101;99
105;109
105;107
80;82
94;95
111;109
100;99
97;96
100;104
109;103
115;110
101;98
98;98
113;110
78;84
91;93
87;88
92;94
111;108
98;99
109;109
87;91
88;116
93;92
91;92
95;97
89;94
87;95
114;112
88;88
89;93
113;114
96;97
109;107
92;89
92;95
107;105
89;88
96;97
113;109
107;104
101;98
100;96
105;104
91;91
99;98
110;108
82;85
103;104
105;105
96;100
96;98
76;81
95;97
89;90
99;97
103;103
126;122
98;100
105;105
101;100
94;96
117;114
94;97
109;107
102;103
117;114
105;105
99;99
102;101
118;118
106;102
105;107
102;103
101;101
96;100
103;104
106;107
98;100
102;101
100;99
80;85
100;102
106;101
87;89
104;103
91;96
94;97
103;96
92;94
111;110
105;107
101;102
96;96
96;97
94;95
95;94
95;93
93;97
99;100
108;108
100;103
88;88
110;107
83;86
122;119
90;91
102;103
97;99
94;94
94;93
116;112
96;97
108;108
111;110
110;108
86;91
107;106
118;114
106;101
85;90
86;89
96;97
85;84
101;100
98;100
119;119
85;91
107;102
97;99
107;104
107;105
111;107
97;101
80;85
116;113
83;88
115;115
100;103
76;85
111;108
105;101
99;99
110;106
82;85
93;92
103;101
101;101
112;111
115;111
116;113
97;99
85;89
83;87
99;102
107;107
114;112
120;114
111;110
111;108
98;101
91;92
108;107
99;97
104;100
89;92
92;93
83;86
108;109
95;97
107;107
85;87
111;107
89;93
98;98
110;104
101;97
109;107
105;103
107;104
94;95
104;103
108;107
113;113
93;103
91;91
102;104
97;98
90;90
87;94
93;90
95;93
91;92
97;99
93;98
102;105
107;107
118;115
97;100
93;93
99;97
95;95
104;104
91;92
102;100
116;115
94;95
118;115
111;109
115;112
89;92
112;110
100;100
98;100
86;93
106;108
109;110
93;95
93;96
104;104
89;88
111;107
101;98
102;100
107;109
100;102
95;93
105;102
98;98
90;93
99;99
90;94
99;102
88;90
95;99
106;106
106;105
95;98
92;94
91;92
93;93
90;91
102;101
122;117
98;101
103;102
86;88
117;113
93;95
94;95
113;108
92;90
92;92
90;95
104;102
96;96
112;106
90;96
113;108
97;99
108;107
120;117
97;99
96;96
109;113
98;97
107;103
81;83
106;107
93;95
92;96
79;85
104;107
99;100
98;101
98;95
99;100
118;113
92;94
116;111
110;111
101;98
104;106
114;111
89;92
117;111
110;109
100;98
95;98
88;88
94;92
97;98
94;93
105;104
96;93
100;97
115;113
113;109
95;97
90;93
102;102
108;108
108;107
114;115
74;80
111;109
117;114
101;103
80;86
97;104
115;115
95;98
114;111
90;91
103;100
89;88
101;102
100;98
104;104
94;96
93;93
90;93
106;101
102;102
83;84
101;102
102;103
98;100
98;96
96;96
107;105
82;86
106;105
101;99
108;103
104;103
107;106
107;106
93;92
102;101
97;100
84;89
84;85
96;94
101;98
93;93
96;96
111;110
115;111
113;111
97;95
113;110
100;102
99;98
76;80
92;92
94;99
83;86
118;114
120;114
107;104
117;116
105;105
103;104
81;85
102;103
112;108
108;108
90;92
96;93
108;108
123;118
89;91
103;104
88;92
80;82
103;102
115;116
101;100
94;97
102;102
92;92
97;97
103;102
116;112
98;98
90;92
100;100
90;94
104;104
94;95
91;93
107;104
91;93
102;101
104;106
87;90
97;101
106;105
110;108
92;92
94;92
78;83
93;95
98;100
92;96
116;115
94;97
103;101
104;109
100;98
100;102
101;102
89;86
96;96
88;94
94;97
101;103
96;96
129;122
109;107
108;109
101;102
93;93
112;109
102;99
101;102
100;98
96;97
101;100
101;100
100;101
118;114
113;110
94;93
103;100
103;103
121;117
106;105
112;112
84;87
110;104
80;83
104;106
116;113
102;102
93;92
103;104
111;111
91;90
99;97
101;99
107;109
103;103
108;103
95;93
110;108
83;86
93;90
92;94
99;101
111;109
100;101
84;83
94;94
104;101
90;90
109;107
109;111
92;95
110;108
106;106
98;97
111;107
112;109
86;91
92;96
102;100
97;99
96;96
113;111
78;85
87;87
108;105
90;92
94;97
98;96
110;107
105;105
104;102
105;103
98;99
96;97
107;111
91;95
79;84
112;110
108;103
119;118
107;105
108;108
108;108
97;102
103;101
112;109
100;98
111;107
103;101
113;111
92;92
86;90
104;104
109;108
96;98
114;110
103;99
109;108
98;96
108;104
103;101
87;91
97;100
97;98
92;93
91;95
110;111
80;82
85;86
111;105
89;91
94;96
106;108
86;86
80;83
108;106
102;88
93;94
96;99
100;101
104;104
109;110
94;98
111;110
94;94
96;98
105;102
114;110
118;115
94;98
104;101
95;95
85;91
102;100
93;95
92;95
98;96
82;84
102;103
99;100
99;98
95;97
93;92
105;102
99;99
102;99
113;108
83;87
89;90
106;104
96;93
98;99
111;108
117;114
101;101
86;88
92;93
95;98
103;100
118;117
99;97
121;116
100;99
107;106
101;99
105;104
107;106
103;104
118;114
115;114
103;100
100;97
122;118
106;104
112;111
102;101
112;111
97;98
104;102
100;101
108;108
111;111
98;102
116;111
104;104
102;104
86;87
99;96
107;103
97;98
106;103
103;101
89;91
116;110
102;101
125;120
105;108
113;113
82;84
116;117
98;95
102;101
103;102
92;90
95;98
104;101
103;100
114;112
79;84
96;97
103;100
104;105
111;109
99;102
107;106
90;90
98;97
106;106
67;74
91;91
104;103
117;116
87;88
105;103
100;99
93;94
103;105
103;102
76;80
105;106
94;97
109;106
100;101
82;92
87;88
96;101
95;95
104;107
103;102
101;100
72;78
99;97
104;100
94;97
94;94
102;103
108;105
106;106
90;91
100;99
90;92
118;114
90;89
90;92
119;117
94;95
115;110
104;107
109;108
97;97
112;113
100;99
120;116
93;95
86;91
94;96
101;99
109;105
93;98
107;105
104;103
96;94
71;75
88;89
105;105
96;97
92;97
124;118
98;95
92;95
102;102
93;95
89;94
95;96
81;89
95;99
101;99
103;103
101;100
111;109
103;102
89;93
86;92
107;109
87;88
69;73
97;97
96;94
100;100
106;106
113;108
111;110
109;109
111;110
99;100
96;96
110;110
100;107
101;99
91;92
90;93
122;116
108;108
108;105
108;108
97;95
102;104
104;103
97;100
123;119
113;108
104;102
81;85
96;94
114;112
86;89
108;105
94;96
109;105
118;114
95;97
86;86
103;104
102;103
97;97
112;108
88;90
116;114
93;91
91;91
105;103
89;94
113;108
100;98
101;104
107;104
101;101
100;101
114;113
103;104
110;110
122;116
90;88
90;89
86;90
108;106
101;101
106;104
92;95
110;110
97;100
107;106
87;93
100;98
105;106
104;104
99;99
108;103
114;113
104;105
90;91
104;102
110;107
81;85
92;94
108;108
96;98
99;99
109;105
99;99
98;99
100;95
104;101
112;108
103;104
112;108
85;88
93;93
96;95
84;90
104;102
80;85
114;114
114;114
88;89
106;104
104;106
105;102
80;81
100;98
107;109
94;94
115;111
103;106
96;95
108;107
106;104
117;111
97;94
108;106
103;100
95;98
96;97
101;99
101;100
91;94
103;102
104;100
91;94
105;101
101;98
89;90
96;97
104;105
107;103
94;97
107;108
84;85
111;111
88;89
101;100
107;106
85;87
93;93
95;96
103;105
109;106
116;112
115;109
117;114
108;106
107;108
111;104
92;93
99;96
118;113
104;102
80;84
103;101
104;103
99;99
101;102
108;108
107;109
107;106
104;106
109;109
111;109
98;101
114;110
104;103
103;99
112;110
87;92
123;119
114;110
92;96
84;88
97;98
83;86
84;86
95;100
118;113
106;103
87;91
119;117
103;103
101;100
99;101
105;104
102;102
105;102
101;97
94;95
87;89
98;95
88;89
92;91
105;100
93;93
102;101
110;110
95;90
110;105
114;110
107;103
112;107
113;111
107;109
119;117
88;89
96;98
106;107
91;93
103;103
106;105
88;89
96;98
100;99
117;114
88;92
101;98
112;109
86;89
104;102
98;99
106;105
101;101
94;98
98;96
102;102
117;113
88;90
89;92
88;93
85;86
94;97
77;80
103;106
105;104
103;101
103;103
98;97
87;88
106;104
94;97
95;95
106;106
99;99
111;108
103;102
106;103
100;103
120;114
102;103
97;98
112;108
109;108
118;111
94;97
91;90
90;91
106;105
104;101
106;109
73;76
108;105
110;113
109;108
108;104
107;107
108;106
106;105
93;100
84;86
99;101
109;104
106;104
103;101
98;98
101;100
93;98
111;115
106;104
91;96
86;90
96;99
102;101
97;94
107;104
109;108
108;107
98;99
101;102
85;87
105;105
111;104
110;106
77;82
113;112
93;93
98;99
108;108
90;89
80;84
101;102
115;111
92;93
103;102
112;109
95;95
87;89
99;101
116;116
95;93
102;99
104;103
116;112
87;87
102;101
81;86
109;109
97;96
95;99
110;108
97;94
89;93
88;87
99;99
90;92
100;96
88;88
107;105
87;90
99;100
104;104
106;105
112;109
94;94
114;116
107;105
84;90
118;114
93;93
95;97
100;99
107;107
91;90
93;95
90;93
109;107
80;86
75;78
97;97
91;93
90;90
101;101
91;93
84;86
95;97
98;101
93;96
90;92
111;110
105;103
101;102
96;95
82;85
94;98
119;119
114;109
107;108
103;103
96;93
93;96
98;98
104;99
92;91
99;100
96;94
97;96
119;112
85;86
98;97
85;88
104;103
92;94
85;87
73;78
109;107
105;103
112;110
104;103
98;95
112;112
97;96
99;100
97;96
99;100
95;94
98;99
108;111
94;95
84;87
96;95
105;104
102;105
102;108
112;110
109;111
103;99
97;94
99;97
109;104
71;75
93;96
118;113
79;82
93;91
100;103
108;108
96;96
94;92
99;98
96;96
101;104
103;102
93;93
100;97
94;97
94;92
103;101
112;112
94;99
103;100
90;91
117;115
103;105
109;101
98;98
101;100
93;95
99;98
98;99
91;92
104;109
123;116
99;106
88;92
101;89
81;86
88;89
87;91
108;105
97;99
107;105
111;111
90;88
102;97
85;90
103;103
90;91
114;113
104;103
105;104
102;101
90;91
91;93
112;110
86;86
104;102
89;92
115;114
106;103
106;106
89;91
103;105
95;97
86;86
109;109
89;93
120;114
90;91
113;112
106;105
103;104
92;99
99;102
97;99
104;101
92;95
100;99
112;108
99;96
99;98
106;103
94;95
104;104
99;99
102;104
96;97
99;101
116;115
114;110
92;93
100;101
97;95
87;90
102;100
119;114
106;105
109;111
127;123
91;96
105;109
97;108
103;104
78;79
102;103
91;92
117;113
107;107
86;86
90;93
105;103
96;98
116;111
110;105
95;96
97;96
107;109
97;99
101;102
101;102
99;102
98;99
110;106
99;103
100;98
103;101
86;89
99;97
99;97
70;78
101;99
83;88
115;113
94;94
97;98
119;113
122;117
100;100
94;97
109;107
111;107
109;107
109;105
127;121
99;102
94;95
97;99
109;104
108;104
94;92
101;101
102;99
103;103
108;109
100;101
107;109
115;112
89;93
91;92
77;81
91;92
106;107
113;110
103;102
115;115
102;101
102;102
97;94
105;105
98;99
96;98
90;90
89;94
73;79
92;97
111;108
96;94
86;87
104;101
108;107
91;95
99;97
100;98
97;98
99;98
103;103
92;93
113;108
85;84
103;99
112;108
101;102
92;93
103;101
105;104
105;106
95;94
102;102
82;86
96;96
107;107
99;100
95;98
100;98
117;109
84;87
120;117
104;102
101;103
96;98
93;96
112;110
92;96
86;90
114;111
93;93
104;103
113;110
104;102
83;85
94;97
114;110
89;89
114;110
117;111
116;116
100;100
83;84
103;105
118;117
97;98
104;104
116;110
109;104
106;101
101;99
114;110
105;105
98;98
92;94
90;90
92;89
96;98
91;89
100;97
101;100
102;101
106;105
99;98
100;98
97;97
116;115
93;94
92;94
93;94
105;107
105;102
100;101
98;98
102;103
98;97
108;108
97;96
91;90
103;103
88;89
116;110
94;99
95;96
104;108
98;99
102;102
85;87
104;104
114;113
106;104
110;109
114;111
87;86
94;96
99;101
94;98
89;89
94;100
85;90
101;101
97;100
109;104
102;103
94;96
109;108
106;104
113;113
104;105
101;103
113;110
106;103
88;91
95;96
98;98
92;95
108;108
105;101
102;101
94;96
89;91
108;110
94;99
105;103
84;88
105;105
92;93
111;111
99;99
90;91
105;107
92;95
96;99
110;110
79;85
92;94
91;91
105;106
93;93
112;111
91;91
95;94
97;96
97;96
80;85
107;107
95;97
99;101
90;90
108;106
122;116
113;110
82;86
106;104
100;102
93;93
92;97
104;100
109;105
100;98
98;99
102;104
107;105
98;100
117;115
101;100
112;110
100;101
78;84
92;96
87;87
96;96
115;114
94;99
83;85
98;99
108;107
87;93
97;98
94;93
90;94
95;97
86;91
101;103
103;103
112;109
91;96
97;98
98;99
108;109
85;86
87;87
96;98
97;98
99;100
87;90
94;92
101;104
97;97
116;114
105;110
106;106
114;115
112;111
120;116
93;96
110;109
110;107
99;100
88;94
89;90
99;100
104;104
85;89
94;95
86;88
115;110
105;103
95;94
111;106
112;106
104;105
98;96
108;107
91;94
94;93
88;90
92;94
93;96
108;106
98;100
97;99
81;87
74;82
106;103
111;108
104;100
105;103
102;103
106;105
88;88
110;107
90;90
85;88
84;86
106;105
108;104
90;90
119;113
101;99
125;120
113;113
110;109
101;101
83;88
110;104
95;97
97;101
105;103
96;96
101;101
99;99
82;85
103;101
117;111
91;93
105;105
102;101
93;96
96;97
100;103
104;104
114;112
105;103
106;107
98;97
112;110
99;98
115;113
105;100
103;102
97;97
104;103
92;93
94;95
84;90
114;112
114;111
87;92
85;89
107;104
102;101
88;93
97;93
107;103
112;115
86;89
101;102
108;103
102;100
86;93
110;110
72;77
105;104
83;85
86;88
96;96
109;110
108;111
109;108
132;125
85;85
101;103
100;101
121;117
100;99
81;85
91;93
106;105
108;102
93;94
89;88
93;94
102;103
91;94
110;108
104;106
100;104
103;102
106;103
98;100
105;103
89;93
101;99
102;103
95;96
93;96
89;92
92;92
90;92
101;98
89;91
111;107
87;86
83;88
98;96
112;111
90;92
91;94
99;94
107;107
105;103
110;108
96;99
107;105
105;107
101;100
93;95
98;97
89;94
99;98
90;94
88;91
106;100
99;102
91;93
89;91
99;100
104;100
106;104
82;87
100;96
105;104
99;101
94;99
90;92
87;88
102;100
91;93
85;87
105;103
120;113
89;94
72;75
115;112
96;98
111;112
93;97
114;109
110;106
100;97
103;103
98;96
89;95
96;97
109;110
113;110
112;107
96;95
89;89
108;107
110;107
99;99
99;98
95;94
106;105
84;88
99;98
117;113
93;94
100;101
101;102
92;96
101;100
89;95
105;101
94;94
112;110
91;90
91;93
100;96
99;98
101;100
82;86
95;98
100;102
94;100
85;90
91;94
74;75
104;106
96;96
125;121
111;109
96;95
110;110
82;84
96;99
111;107
107;106
99;97
92;94
84;87
97;95
115;109
80;85
95;95
117;118
93;94
99;98
108;111
85;89
121;120
118;117
101;101
110;111
109;109
101;97
112;111
79;86
81;84
111;108
116;112
97;95
102;107
77;84
109;108
96;98
107;103
80;82
102;102
94;93
77;83
112;106
105;105
100;100
85;88
107;105
104;102
115;115
99;102
85;89
92;89
112;107
74;81
90;94
108;105
115;114
107;106
94;98
104;103
105;105
92;93
85;87
101;98
104;102
108;109
63;72
97;98
85;88
87;90
107;105
94;92
104;102
111;109
83;87
100;100
89;91
91;94
102;104
102;99
101;99
110;106
108;106
107;104
112;104
104;101
108;106
117;112
100;105
83;89
105;105
111;107
88;91
96;97
92;92
113;110
107;107
94;95
114;110
90;90
92;93
89;90
93;94
103;104
103;98
111;108
111;110
97;98
90;91
105;105
88;94
97;98
108;105
111;109
108;109
134;124
99;99
106;106
100;99
119;118
95;94
112;113
88;92
110;108
91;91
109;108
93;92
111;109
104;102
101;99
102;105
104;103
93;95
112;107
100;100
101;103
96;94
86;89
98;95
123;115
108;106
110;111
96;95
101;102
94;98
95;98
110;105
114;110
123;117
85;89
86;91
105;104
102;102
101;101
107;104
97;98
86;87
105;105
84;86
98;99
99;97
87;88
109;108
96;98
104;103
109;109
103;104
93;96
90;95
100;102
102;98
109;109
87;86
99;99
102;101
99;99
91;88
80;84
98;100
112;105
96;100
106;104
120;117
76;77
102;100
95;96
87;89
85;92
103;102
109;108
84;88
87;89
85;88
90;93
112;108
101;102
133;126
84;85
99;101
97;99
104;105
106;102
94;94
100;99
93;96
89;90
82;90
115;111
109;109
112;111
88;92
111;98
98;95
102;102
100;98
88;91
94;97
94;95
110;109
108;110
120;116
93;94
106;104
101;104
103;101
95;92
115;109
96;95
88;89
122;119
100;102
96;94
103;103
107;108
101;99
100;102
121;118
103;105
96;91
84;88
101;99
92;96
94;92
104;106
104;102
90;92
116;112
88;88
102;101
95;96
100;101
111;111
107;105
111;109
95;94
97;99
99;102
118;112
90;91
92;92
121;116
92;94
90;92
111;105
89;93
100;101
86;90
101;103
88;90
121;117
113;113
110;106
91;92
107;105
104;101
95;94
115;114
106;104
104;104
109;108
87;86
107;104
103;105
100;99
101;105
127;120
99;97
98;98
114;114
108;107
109;107
118;113
96;96
103;106
92;97
108;107
95;93
109;106
86;91
96;95
106;105
96;93
85;90
103;102
112;109
106;107
104;105
112;110
83;91
92;94
106;104
96;92
89;90
110;109
125;123
85;88
97;98
100;105
96;95
107;107
88;94
101;105
101;100
100;98
99;103
102;99
107;102
79;86
73;79
100;99
96;96
96;97
108;108
101;103
98;96
115;116
101;97
102;100
85;90
102;102
92;97
111;107
93;96
87;90
118;118
113;107
110;111
105;104
97;96
89;92
101;103
94;96
94;93
97;97
118;117
109;108
109;105
92;94
99;97
102;100
118;112
97;97
112;114
80;84
106;103
126;122
82;88
105;104
103;106
107;103
87;89
77;79
94;96
98;98
99;98
100;100
107;109
89;92
107;104
102;104
94;96
118;112
96;96
76;78
97;97
104;105
85;91
110;110
100;102
103;100
97;95
107;108
84;86
99;96
101;101
87;91
96;95
99;100
95;95
86;86
103;100
99;101
108;104
92;92
107;109
91;94
95;98
99;97
103;103
86;91
99;101
88;89
115;113
81;85
102;101
99;97
94;95
84;89
95;95
97;99
113;111
112;109
103;103
94;92
102;101
113;111
94;94
111;107
108;110
103;103
105;89
100;96
121;115
88;91
84;88
76;82
80;85
101;102
105;101
96;94
108;111
105;105
125;119
92;94
95;94
110;109
89;93
110;108
98;98
119;117
100;99
97;97
108;108
106;108
91;95
111;106
109;107
117;114
104;104
104;104
95;99
94;96
94;96
123;118
97;97
92;91
100;98
122;118
104;100
90;91
111;111
88;90
103;106
96;96
106;105
94;96
98;98
106;106
88;90
94;95
92;95
99;98
87;93
93;97
85;88
90;88
107;99
100;97
92;94
108;105
106;103
87;89
109;106
100;100
81;83
102;102
99;99
117;111
91;90
96;96
110;108
82;84
98;97
109;109
93;96
101;103
107;105
104;105
92;95
90;96
112;111
86;93
105;105
105;102
86;90
96;97
97;98
105;106
85;88
86;89
105;105
92;94
118;113
104;106
115;114
99;99
106;110
100;101
94;97
96;99
110;108
100;102
82;86
96;99
95;96
94;95
99;101
92;92
103;102
86;91
100;98
90;89
100;99
96;93
84;88
117;114
93;94
106;104
93;96
105;105
108;103
100;99
96;99
96;93
111;109
91;91
89;91
90;90
94;95
108;105
117;114
102;103
85;85
107;104
104;104
115;113
90;93
114;110
107;107
101;103
92;95
115;111
103;106
117;113
103;102
116;112
96;96
99;97
96;95
97;98
102;101
113;112
94;97
102;100
93;94
98;102
107;106
114;111
92;96
109;104
108;109
102;102
113;110
122;116
97;96
88;89
83;84
117;117
106;108
90;91
112;109
104;102
100;98
92;93
120;115
98;98
97;97
78;81
111;110
90;93
109;107
96;97
123;117
104;100
103;101
88;87
102;102
102;104
98;98
98;98
96;94
91;94
104;104
84;90
86;87
111;107
122;120
91;91
97;100
106;102
98;100
98;99
92;97
103;101
74;78
99;100
108;106
101;101
106;101
88;86
124;121
114;110
96;93
102;102
93;92
93;96
100;97
109;105
88;91
110;106
92;95
119;114
90;92
89;89
110;107
101;102
96;96
103;101
112;111
104;106
96;98
118;112
87;90
100;100
103;104
107;107
92;97
109;106
85;91
100;101
114;115
90;90
90;94
102;100
90;92
105;101
106;102
83;86
101;102
102;100
97;97
101;100
117;112
88;91
98;98
96;96
88;90
112;108
107;108
118;114
97;99
84;87
116;111
110;106
98;100
104;106
117;114
89;89
96;99
117;115
96;97
111;109
94;94
113;109
108;106
94;95
101;97
115;111
98;96
87;86
103;103
94;94
97;96
116;114
102;101
108;104
108;108
110;109
99;99
100;98
96;98
112;112
91;91
98;98
116;113
81;83
105;106
97;99
98;97
80;84
120;117
107;102
82;81
93;90
90;96
109;113
101;101
86;89
103;104
107;106
107;108
104;101
93;95
105;102
125;121
96;95
95;98
92;96
101;101
92;95
108;105
107;107
96;96
93;91
102;102
105;102
97;98
98;93
89;92
96;97
102;104
108;104
108;110
97;100
89;93
96;100
110;110
90;92
102;100
89;90
98;96
90;93
95;93
102;105
91;95
90;94
99;99
104;105
106;102
108;110
91;93
92;94
111;107
85;88
86;84
102;100
86;88
95;95
104;102
101;104
110;106
98;98
108;110
97;98
115;110
97;98
110;110
112;108
85;87
102;99
100;99
127;124
106;104
86;90
103;103
95;96
109;106
106;105
99;98
90;89
98;102
116;110
110;106
73;79
105;108
104;105
90;87
114;110
113;111
75;80
100;103
89;89
108;111
91;92
103;101
93;95
99;98
93;94
94;96
91;92
85;89
110;103
104;105
120;116
71;76
111;111
92;93
103;105
86;88
112;112
104;100
86;93
85;90
108;106
100;100
110;104
76;79
118;116
98;100
104;99
126;122
99;99
106;104
109;107
75;79
100;100
113;107
122;119
109;108
111;109
98;96
104;105
102;102
84;86
105;103
92;91
95;93
106;102
91;89
98;97
89;95
107;106
99;101
105;104
99;100
96;98
102;102
107;108
84;88
101;98
96;95
95;90
108;105
107;104
90;91
113;111
93;93
91;94
94;96
87;91
96;96
106;104
93;96
94;98
94;90
118;115
107;103
84;87
100;101
98;104
113;112
97;96
99;96
102;98
95;97
89;91
108;107
101;99
114;114
113;109
93;94
103;103
101;100
121;119
104;106
95;95
92;95
99;96
122;118
106;107
108;106
104;103
96;94
94;93
102;103
105;103
101;102
101;101
113;114
104;106
122;113
115;109
111;108
112;111
109;107
120;113
86;91
119;115
93;94
113;111
99;97
118;119
91;96
111;109
97;97
103;103
98;99
94;94
88;87
94;92
99;101
107;107
99;97
113;113
110;109
114;114
112;109
100;101
96;96
114;109
90;92
92;95
126;119
104;102
102;102
98;97
105;103
111;112
105;105
96;96
100;99
98;96
97;99
104;99
90;90
99;98
105;104
116;110
88;92
97;98
113;110
109;105
96;95
96;97
105;108
89;89
105;103
94;93
94;93
96;94
79;83
102;99
98;98
104;106
122;118
98;95
81;82
95;95
85;88
110;109
108;108
75;77
96;98
103;101
106;101
126;117
108;105
88;88
85;89
87;90
101;101
103;106
90;91
92;95
84;87
99;96
95;97
104;97
119;112
89;93
108;105
105;107
97;96
102;103
103;103
110;104
105;106
116;110
105;105
94;99
102;99
101;101
89;90
91;95
117;115
105;104
104;103
104;104
113;112
117;112
95;99
109;105
99;101
107;108
76;79
95;96
109;106
85;87
85;87
94;95
100;98
91;93
104;104
81;84
102;101
103;102
94;92
73;80
101;101
94;96
112;108
93;95
94;96
106;105
94;97
88;90
91;93
104;102
112;112
101;97
102;102
79;84
100;100
82;83
99;97
93;94
94;92
97;99
110;109
107;105
94;95
75;76
97;100
113;108
96;98
108;105
95;99
94;95
103;101
106;103
109;106
103;101
101;99
101;93
106;104
114;112
103;102
80;80
110;108
89;90
97;97
103;105
107;109
117;113
87;90
102;100
106;109
100;100
100;101
91;91
103;106
96;97
121;116
115;113
104;104
88;92
105;110
99;100
121;115
98;100
110;109
99;100
100;101
96;97
100;102
99;99
86;88
122;117
94;95
108;106
93;93
90;92
103;104
95;97
99;102
118;115
79;80
110;109
102;103
106;106
114;111
97;98
95;96
90;91
96;97
97;98
100;98
118;117
113;109
95;101
94;95
89;90
106;106
123;119
115;111
88;85
86;89
99;93
100;96
96;97
88;91
96;95
88;91
101;102
90;94
114;112
94;95
101;103
101;104
110;112
92;94
96;94
107;104
87;89
111;109
111;109
107;106
127;124
106;106
109;111
110;111
102;100
103;102
99;101
108;107
106;103
101;100
96;100
111;109
112;109
118;115
86;91
97;117
106;107
77;82
105;109
91;95
110;105
104;101
104;102
106;106
83;87
113;112
108;107
100;105
90;93
99;99
86;89
109;110
108;104
96;95
100;102
106;103
98;100
115;110
115;110
99;96
104;103
114;111
106;107
108;107
106;102
112;110
85;89
121;117
84;85
103;101
80;87
88;90
102;102
105;108
107;107
112;108
98;101
98;97
102;101
109;106
113;109
90;93
116;114
92;93
101;102
81;82
99;102
111;107
89;94
114;112
107;103
94;95
99;100
86;89
96;98
96;97
94;97
113;110
79;83
103;101
96;93
118;115
105;104
91;97
111;108
92;92
95;94
98;101
103;101
96;99
96;94
99;97
96;96
88;90
99;101
103;103
74;80
103;102
101;104
96;90
91;92
74;78
99;102
113;112
116;117
102;103
103;104
105;106
94;79
107;103
93;94
80;86
94;95
103;99
99;97
97;98
120;116
75;83
105;105
98;97
106;104
86;89
111;108
112;111
90;93
106;104
113;111
109;107
102;101
86;92
81;82
101;103
108;107
113;109
107;106
98;99
93;95
99;98
103;102
109;111
108;110
98;96
93;92
84;90
81;84
93;94
100;100
98;98
98;96
95;99
96;95
103;103
101;100
100;103
90;96
97;98
89;91
114;111
94;96
111;109
90;91
97;98
95;96
88;89
79;85
91;93
87;90
106;107
101;100
119;118
98;100
91;89
86;90
115;115
98;99
102;100
106;106
91;93
100;100
103;102
87;89
121;115
99;101
96;98
94;96
98;101
105;106
110;106
108;110
98;98
107;106
101;101
101;103
95;98
102;100
105;99
97;98
102;99
103;103
113;113
109;106
95;97
110;108
104;102
92;94
95;95
101;102
74;80
98;101
99;97
109;109
105;103
76;83
102;101
96;100
88;92
117;109
97;97
81;85
91;92
101;99
116;113
99;98
93;93
100;100
99;99
102;103
92;90
104;99
98;99
80;85
96;96
104;106
108;106
99;100
94;97
95;99
112;108
92;95
98;96
95;95
92;94
93;95
110;108
88;91
93;93
101;102
87;87
113;110
85;88
107;103
99;97
93;97
104;103
97;96
114;114
113;107
76;82
109;104
95;97
99;99
86;89
104;104
121;116
83;86
85;85
90;94
96;97
90;95
106;105
95;98
100;100
104;101
92;92
76;80
94;93
99;98
101;98
104;100
102;101
83;90
110;108
98;103
107;107
116;111
94;95
106;101
118;114
87;92
101;100
90;91
97;103
114;112
108;107
100;100
91;94
116;116
101;100
95;95
94;92
92;95
88;88
110;98
108;103
105;106
97;96
106;104
104;103
108;109
97;97
101;100
98;100
105;103
103;100
116;112
101;99
97;97
104;102
93;97
105;101
99;102
111;109
95;95
102;100
84;86
106;108
105;106
92;95
102;98
105;104
102;100
104;98
104;103
87;91
97;97
98;97
106;103
106;105
103;103
91;91
92;91
116;114
88;91
110;109
94;96
93;94
101;99
106;108
92;94
104;106
106;107
101;100
94;96
83;82
95;97
102;102
109;106
106;105
113;112
82;86
101;101
108;105
92;95
89;92
119;117
116;112
103;104
110;107
102;101
102;105
98;98
103;104
122;120
95;99
108;109
113;110
100;102
113;109
94;96
112;110
89;91
87;90
112;108
93;91
87;93
102;103
91;94
92;94
105;107
98;99
99;99
88;91
101;99
105;105
125;121
98;95
100;101
92;92
106;105
94;97
97;95
102;97
104;106
102;103
107;104
113;109
111;109
98;99
86;89
97;99
98;96
108;109
110;106
93;95
105;108
100;99
94;96
109;107
102;100
109;104
78;83
84;89
112;108
104;103
107;102
121;116
125;119
107;105
104;105
110;110
98;101
91;93
71;78
86;90
120;117
106;103
98;100
107;107
92;94
108;105
109;107
103;103
89;92
102;99
93;96
116;117
78;84
82;89
113;111
100;97
98;99
86;86
112;109
103;99
85;91
96;99
98;100
101;99
122;115
110;110
88;94
118;118
101;99
98;98
89;90
97;97
121;113
92;92
99;99
111;108
90;95
104;100
113;112
109;109
106;107
92;92
87;94
102;99
97;97
96;95
107;106
85;85
102;104
120;116
106;110
87;89
91;94
90;92
89;91
97;98
122;118
97;100
107;104
86;85
102;100
76;75
104;104
95;96
100;101
88;93
108;104
106;106
109;103
98;99
90;91
113;111
88;88
104;101
106;106
98;96
108;101
83;86
90;93
98;98
86;84
103;103
109;107
120;117
93;94
100;101
122;117
91;93
100;101
99;101
98;99
87;94
88;93
110;107
87;91
94;96
83;89
93;98
90;93
95;96
97;98
112;109
110;108
101;103
99;101
104;103
100;99
96;98
92;94
101;101
113;111
95;95
102;100
88;89
118;112
115;112
106;105
92;97
86;85
96;96
108;111
113;107
110;108
108;107
87;88
95;95
89;91
105;100
96;100
95;98
108;108
97;97
83;89
99;101
106;107
119;112
110;109
99;100
109;107
113;109
102;99
97;98
116;115
102;103
100;102
83;84
94;92
92;94
110;108
104;103
99;100
97;98
110;107
105;99
120;120
98;100
99;99
93;93
94;96
96;97
81;86
105;103
99;99
107;106
104;104
102;106
99;100
91;94
96;94
95;97
105;104
107;106
105;105
114;113
104;102
96;97
110;108
94;97
97;97
93;96
108;105
91;92
108;109
89;92
98;100
95;96
104;102
118;116
100;102
113;108
90;91
102;100
109;106
98;100
83;91
94;98
102;103
104;103
97;100
105;106
112;113
107;106
107;105
96;95
101;103
97;98
93;94
92;89
100;98
105;104
94;95
108;105
88;88
112;111
87;88
97;98
100;96
103;102
94;97
96;97
107;108
97;101
105;93
93;93
99;99
126;122
94;95
92;92
93;95
93;93
94;96
90;93
92;94
82;86
95;96
89;90
109;111
102;101
108;106
112;112
108;105
96;100
103;105
89;94
97;95
99;102
96;96
108;104
107;109
88;91
100;100
99;102
96;96
91;92
107;110
107;104
106;104
101;101
101;99
111;108
129;124
124;120
88;92
100;100
103;104
97;99
119;118
112;107
108;106
100;100
94;95
104;104
79;85
103;105
109;108
103;101
116;113
81;84
108;106
100;101
117;114
109;102
102;99
103;97
92;94
91;94
101;100
86;88
113;109
102;104
111;113
120;113
111;109
98;95
100;102
104;104
105;105
93;94
94;97
100;101
97;95
108;106
111;108
86;90
108;107
106;106
104;103
99;102
99;97
113;106
96;97
91;92
91;94
95;94
98;101
113;108
96;97
108;105
101;96
91;96
99;101
109;103
78;84
111;107
105;106
109;109
112;110
109;105
94;97
113;108
91;91
101;103
104;99
99;95
79;84
119;117
95;98
101;102
110;110
84;86
115;111
120;119
89;92
88;90
100;99
98;97
106;105
102;102
100;101
86;89
100;105
100;99
90;93
103;99
97;95
108;104
100;101
98;98
97;95
86;84
104;105
112;108
100;101
118;116
87;91
96;96
100;97
94;94
98;97
87;91
103;104
95;96
89;87
88;88
90;92
116;118
108;107
107;107
90;90
100;101
106;103
103;102
87;93
94;97
110;92
99;100
77;82
103;103
90;93
112;109
101;102
103;101
105;102
99;100
95;94
111;111
92;97
117;114
98;97
103;104
97;101
111;107
99;101
103;100
116;113
88;92
100;102
97;92
105;102
109;106
108;106
106;103
98;93
81;87
96;95
86;91
111;111
107;107
83;88
104;105
93;96
104;107
106;105
118;111
121;118
107;104
84;90
93;95
112;111
91;95
91;93
103;104
106;109
89;93
84;88
109;111
97;99
113;110
109;105
102;102
91;92
92;93
89;94
89;91
88;94
105;103
84;86
101;103
110;109
97;99
104;104
100;100
101;102
94;93
114;113
110;107
111;109
83;86
103;103
118;116
98;98
103;104
113;110
96;95
80;87
98;98
102;104
98;99
96;97
112;112
87;90
93;95
84;88
106;102
105;103
103;103
101;102
92;93
108;105
87;91
113;113
100;99
109;108
79;81
89;95
101;98
114;113
99;96
119;114
81;85
105;104
80;81
92;94
109;106
90;90
101;102
122;117
97;96
108;107
106;102
90;90
102;101
116;111
90;86
101;100
97;101
110;111
97;100
107;109
113;110
94;96
93;94
95;93
89;91
98;100
90;95
105;106
98;98
100;102
118;112
110;106
102;102
96;98
79;86
126;104
100;101
90;92
107;107
98;99
109;106
105;103
110;109
102;102
85;89
109;109
80;87
91;93
83;89
85;86
107;104
93;94
98;97
101;98
111;110
97;97
86;88
96;98
103;103
105;105
106;104
101;100
97;98
105;106
104;110
86;87
96;97
104;102
107;100
111;106
97;98
87;90
94;96
105;105
103;104
102;101
91;92
94;95
100;98
101;102
93;94
100;103
85;85
93;92
101;100
102;101
114;111
89;93
100;102
117;111
109;104
105;104
96;100
83;86
89;86
93;94
88;88
97;98
100;99
100;101
85;90
101;102
96;95
106;103
111;108
97;99
102;100
100;99
83;85
79;79
106;109
111;108
99;98
86;89
93;95
109;105
103;101
93;93
78;81
78;82
101;98
100;91
90;96
94;92
104;105
83;85
92;97
106;101
98;97
97;98
95;92
112;108
100;101
99;99
101;99
97;97
87;92
98;98
102;102
91;96
113;107
106;105
85;89
103;104
103;101
111;107
104;102
109;108
96;98
81;85
109;105
93;96
86;88
101;99
116;111
102;102
97;97
111;107
102;103
97;100
97;96
98;97
105;103
107;104
112;109
92;90
83;84
102;101
84;87
90;95
120;117
102;97
102;103
96;97
97;97
103;104
97;99
96;97
98;102
102;103
87;90
78;84
110;109
95;94
97;93
107;103
117;118
93;94
92;92
104;103
104;101
93;93
103;102
94;98
115;111
113;110
103;104
92;96
103;103
105;105
103;104
104;105
84;88
83;83
112;109
87;89
91;93
90;88
83;86
94;96
102;102
106;109
111;111
86;89
103;104
104;104
98;100
98;100
91;95
106;106
100;103
90;91
104;104
93;95
96;98
84;91
91;94
103;100
107;105
115;112
88;88
109;105
115;114
93;94
115;111
95;96
111;109
110;109
97;98
99;100
85;90
113;107
111;108
84;84
91;92
98;96
112;108
103;102
112;113
98;102
109;108
99;104
101;100
111;109
106;107
103;101
79;82
96;100
112;112
90;92
77;79
95;97
105;105
88;90
101;99
100;98
101;103
94;94
116;112
114;111
110;105
105;104
87;89
114;106
116;113
107;104
97;96
118;119
100;101
100;96
111;107
90;93
121;118
83;86
109;108
87;91
108;105
100;99
115;110
111;108
108;107
81;85
112;108
109;107
88;91
106;107
104;100
100;98
107;107
93;92
97;98
102;101
104;100
94;94
106;102
92;93
102;104
100;101
108;109
80;84
102;101
117;115
91;96
88;89
122;118
106;108
102;103
93;93
104;103
106;103
102;103
115;112
109;109
92;91
109;107
109;104
92;90
91;92
85;86
111;108
96;99
102;99
115;113
92;94
97;97
100;99
93;92
98;97
109;107
113;113
103;101
94;95
102;104
114;111
107;108
90;93
85;88
106;105
101;103
109;106
124;117
112;113
99;98
107;106
94;96
94;96
102;102
111;107
82;85
119;116
98;98
90;95
98;99
110;105
100;95
98;99
109;109
89;93
116;113
123;118
107;108
104;104
113;108
104;105
110;107
101;98
98;98
113;109
110;110
100;99
91;99
106;104
94;99
94;99
92;93
105;102
82;87
111;112
88;90
92;93
106;105
102;102
105;105
101;100
100;97
83;82
105;107
94;96
97;98
91;96
97;96
84;85
86;89
103;102
106;106
92;95
112;111
105;105
89;90
110;110
107;106
99;101
95;100
105;102
90;93
95;99
102;101
101;99
97;100
102;103
109;109
96;96
98;97
102;102
97;98
93;95
104;105
93;95
88;91
99;99
100;100
101;98
95;95
94;95
92;95
104;103
82;84
85;89
111;109
103;101
105;104
88;88
104;106
91;94
89;89
90;89
101;99
107;111
85;86
99;99
104;103
112;110
86;90
108;106
102;103
105;102
104;102
112;110
90;92
114;113
107;107
89;91
94;95
107;106
85;90
114;110
105;106
97;96
111;105
93;98
105;107
105;106
93;94
84;87
119;114
94;95
103;101
89;92
104;107
113;114
99;101
103;101
93;95
90;93
100;96
106;105
95;101
98;99
86;88
89;92
100;98
127;121
108;108
96;95
97;97
96;93
116;114
109;109
101;97
118;112
104;101
99;97
90;93
89;94
82;84
95;95
88;92
90;92
99;96
106;105
101;102
84;87
82;85
113;108
97;98
89;91
109;104
105;107
96;96
98;98
102;103
110;105
91;92
96;97
109;109
86;89
88;89
85;87
99;99
106;105
104;105
101;101
100;102
98;97
98;97
102;104
119;119
85;86
96;97
101;103
104;100
97;98
101;95
95;95
106;103
108;109
95;96
92;92
97;94
95;97
100;97
108;106
79;82
105;104
108;105
130;123
89;93
82;86
94;92
93;96
119;115
101;101
92;91
100;100
106;106
82;87
104;101
118;116
97;94
94;98
109;109
96;96
98;100
100;102
106;106
106;106
103;97
88;88
113;109
104;104
97;100
96;94
106;105
107;108
101;100
90;93
102;99
103;104
101;103
124;122
123;118
102;102
110;109
105;107
102;103
85;87
99;98
108;103
109;107
95;96
97;98
105;104
96;96
107;106
88;93
106;103
92;93
99;100
99;98
100;102
97;94
101;102
93;96
103;101
97;100
102;102
114;113
86;91
115;112
98;102
106;90
92;94
105;104
97;93
90;91
104;103
95;95
109;107
95;97
103;102
84;90
73;79
102;103
104;107
105;102
99;104
93;95
106;107
99;101
107;108
83;90
94;95
93;93
91;93
96;98
96;96
101;99
105;105
102;98
117;114
89;90
112;108
81;85
93;92
89;89
102;98
77;79
96;96
92;92
94;94
107;108
91;91
112;114
88;88
114;113
95;96
109;110
101;97
97;99
102;100
114;110
100;98
116;116
95;94
97;96
104;104
86;90
111;108
97;96
92;94
103;106
120;115
97;100
91;94
115;113
106;108
95;97
91;90
89;92
115;107
111;106
94;95
92;90
100;100
109;108
98;100
99;100
91;90
85;87
104;100
112;107
104;103
99;99
106;102
87;90
96;98
96;97
96;97
91;95
104;103
109;110
108;104
95;98
89;88
102;102
96;100
107;107
97;100
105;104
88;92
93;94
118;116
102;101
91;92
111;106
85;85
92;92
103;106
94;94
103;103
101;101
84;86
122;119
102;100
113;110
110;110
95;96
90;93
114;112
105;105
108;108
96;99
88;88
99;102
100;97
101;101
101;99
112;109
101;99
104;102
107;105
91;89
107;101
102;100
97;96
93;101
90;92
99;96
104;103
107;105
106;102
112;110
103;103
94;100
112;87
120;115
111;106
100;99
103;104
95;97
98;97
98;100
101;100
112;107
103;100
100;99
92;92
100;104
98;98
91;92
86;89
114;113
92;93
96;100
107;106
96;96
101;105
101;105
105;106
107;103
103;101
104;103
80;84
112;109
104;103
108;106
88;89
99;101
81;85
94;97
91;90
112;107
102;101
76;81
89;94
114;116
109;106
96;96
89;91
101;103
110;109
105;109
104;101
111;114
113;111
99;98
100;101
99;100
105;104
97;96
100;103
102;106
109;112
93;93
96;96
100;98
103;103
97;100
91;93
99;98
108;107
103;101
95;97
97;93
93;93
99;99
93;95
90;92
95;99
96;98
104;102
111;108
95;97
97;96
106;104
107;105
106;109
111;109
102;101
95;98
84;88
107;101
95;97
103;104
108;105
104;107
112;109
89;87
111;108
102;102
98;97
104;105
90;93
106;109
105;103
119;115
107;108
105;104
86;87
95;93
94;95
94;104
100;98
91;91
101;101
119;115
101;100
114;111
103;103
107;110
102;101
107;101
79;85
107;107
92;88
77;83
99;99
96;96
91;97
95;95
96;95
104;103
93;96
94;91
109;104
100;100
93;94
86;88
107;105
100;98
108;103
100;101
95;96
100;101
84;88
105;105
108;105
99;103
103;100
104;101
88;87
104;104
127;122
97;101
91;89
89;93
88;90
96;94
104;103
95;97
104;104
102;103
93;98
76;76
111;109
88;88
102;102
105;108
96;99
111;109
99;98
111;106
98;100
89;92
104;107
102;105
96;93
103;100
108;105
80;82
113;110
89;90
92;92
108;103
118;114
100;100
111;108
90;91
86;90
104;103
93;92
101;101
103;103
95;97
93;94
97;98
103;101
96;95
91;92
101;95
92;91
94;95
87;88
81;90
116;113
105;105
94;95
94;96
95;98
110;109
99;98
107;103
90;92
91;93
106;103
119;118
122;120
99;100
85;84
104;107
96;98
105;107
122;118
89;90
95;97
104;105
110;109
97;96
90;94
99;99
102;101
91;95
105;104
89;86
121;114
108;107
94;96
122;118
105;103
96;100
99;97
96;97
102;99
104;103
118;114
116;114
94;99
98;100
98;97
88;91
102;102
88;91
112;108
101;101
98;99
109;107
91;93
100;99
93;93
98;96
100;103
102;102
108;109
120;119
95;94
97;98
93;97
116;111
100;100
97;96
97;97
80;85
107;102
89;91
99;98
104;105
76;82
109;108
86;88
84;90
101;102
99;103
100;101
98;100
85;87
110;107
114;108
119;112
99;98
95;95
104;101
113;110
105;103
103;104
88;88
103;98
109;105
108;107
79;83
100;107
103;104
98;100
82;84
94;96
98;97
96;94
93;95
105;102
112;110
112;115
106;99
92;93
100;98
106;104
96;95
92;95
102;104
105;104
102;103
99;96
100;93
100;98
105;105
116;114
96;93
99;95
89;91
98;100
96;99
91;93
99;101
117;111
103;100
102;103
98;99
95;94
91;94
104;102
90;93
94;92
100;99
89;93
101;101
84;83
95;94
92;91
110;106
93;94
86;86
89;90
110;109
95;95
92;91
89;88
92;95
81;86
86;85
96;97
81;87
112;113
99;99
103;103
118;114
82;84
92;93
96;96
90;93
109;105
79;82
103;104
98;97
121;116
96;98
85;86
105;107
93;96
108;109
99;96
119;118
92;93
102;105
94;93
99;98
101;104
100;102
115;114
103;101
121;117
92;93
91;93
103;104
84;89
104;99
99;98
96;98
90;91
103;103
122;120
99;96
103;104
108;105
101;100
108;106
106;110
96;99
101;102
116;109
112;109
98;97
102;102
93;91
103;105
108;108
89;88
86;88
79;82
105;104
107;106
88;90
99;98
103;103
110;109
120;115
84;87
84;89
94;94
104;100
108;107
105;108
101;102
105;106
87;88
105;103
99;101
103;103
80;81
92;94
109;106
109;107
99;95
100;101
100;99
111;111
102;99
85;90
100;98
108;105
99;101
102;103
88;90
94;92
97;98
98;97
95;98
116;115
121;118
96;95
102;102
99;101
92;96
96;96
99;99
113;111
103;104
99;96
104;101
110;107
105;100
105;106
84;89
112;109
101;104
98;100
93;95
113;110
97;100
98;99
99;97
88;90
94;99
126;118
95;96
91;92
88;87
94;94
100;101
100;100
107;107
93;96
99;99
98;99
95;96
104;102
111;109
99;98
83;88
108;108
102;103
116;112
104;102
105;105
91;96
105;101
103;105
103;103
95;92
96;98
109;112
102;102
111;109
88;88
103;101
83;87
91;89
99;99
113;108
92;93
110;108
89;90
84;91
106;106
88;91
96;98
99;100
110;112
100;99
109;102
110;108
95;98
109;109
125;121
97;95
117;112
114;111
100;96
103;100
97;99
117;115
107;103
101;104
97;99
98;99
118;116
91;96
88;91
101;102
103;100
120;116
93;95
102;103
100;103
99;100
82;85
80;82
100;100
109;106
106;106
110;108
105;107
99;99
91;95
107;106
109;109
96;95
100;100
104;103
104;102
108;101
106;106
114;109
88;94
91;95
86;86
86;91
113;110
101;105
107;108
117;112
107;106
103;106
110;110
99;100
95;98
91;96
104;104
102;102
93;91
96;98
114;111
113;109
100;105
91;94
106;107
103;102
99;97
109;108
99;99
105;107
105;103
97;97
91;93
126;120
110;109
108;108
125;117
106;102
107;108
94;99
94;93
97;95
91;91
113;108
112;108
105;109
108;108
91;98
85;86
114;113
102;105
83;89
92;93
112;110
107;108
103;101
97;99
112;107
85;87
93;96
112;110
106;107
93;95
96;98
112;110
110;108
101;106
86;89
106;104
109;107
104;107
110;109
82;87
94;98
102;102
111;111
114;110
93;90
105;108
99;101
113;111
106;105
97;95
96;97
103;92
85;87
80;82
98;101
95;96
96;97
91;92
92;89
101;101
102;102
107;107
107;108
107;106
113;114
110;111
110;110
120;114
95;92
104;103
114;111
105;103
114;106
106;102
107;107
101;100
98;100
96;96
90;95
103;103
113;112
106;103
104;102
97;100
106;106
107;104
91;90
112;109
89;93
101;103
88;87
111;111
112;110
114;112
107;110
105;100
93;96
113;110
95;95
98;97
83;86
104;105
110;107
105;107
95;99
90;91
96;98
113;113
100;99
89;91
104;103
108;105
104;104
98;98
87;89
97;101
91;91
93;93
97;96
102;100
86;86
97;99
109;108
110;105
95;95
92;92
90;94
98;97
86;88
117;114
100;100
87;91
135;128
108;106
108;108
85;87
94;95
94;97
90;93
100;102
102;101
111;106
104;104
116;112
95;89
78;80
90;96
105;102
95;96
110;107
89;91
107;108
97;92
93;93
85;88
109;106
105;106
93;94
106;105
98;98
123;119
106;103
99;102
87;90
91;93
103;106
84;86
115;108
87;93
89;94
104;99
111;106
95;96
98;98
87;93
76;82
